-["Coral Caves", color(74, 173, 218)]
[#nm:"Sponge", #sz:point(3,3), #specs:[1,1,1,0,0,0,1,1,1], #specs2:0, #tp:"voxelStruct", #repeatL:[1,1,1,1,2,1,1,1,1], #bfTiles:1, #rnd:1, #ptPos:0, #tags:["notTrashProp"]]
[#nm:"Sponge Reversed", #sz:point(3,3), #specs:[1,1,1,0,0,0,1,1,1], #specs2:0, #tp:"voxelStruct", #repeatL:[1,1,1,1,2,1,1,1,1], #bfTiles:1, #rnd:1, #ptPos:0, #tags:["notTrashProp"]]
[#nm:"Sponge Open", #sz:point(3,3), #specs:[1,1,1,0,0,0,1,1,1], #specs2:0, #tp:"voxelStruct", #repeatL:[1,1,1,1,2,1,1,1,1], #bfTiles:1, #rnd:1, #ptPos:0, #tags:["notTrashProp"]]
[#nm:"Sponge Nonsolid", #sz:point(1,1), #specs:[1], #specs2:0, #tp:"voxelStruct", #repeatL:[1,1,1,1,2,1,1,1,1], #bfTiles:2, #rnd:1, #ptPos:0, #tags:["notTrashProp"]]
[#nm:"Coral Shelf One", #sz:point(1,1), #specs:[1], #specs2:0, #tp:"voxelStruct", #repeatL:[1,1,1,4,1,1,1], #bfTiles:4, #rnd:1, #ptPos:0, #tags:["notTrashProp"]]
[#nm:"Coral Shelf Two", #sz:point(1,1), #specs:[1], #specs2:0, #tp:"voxelStruct", #repeatL:[1,1,1,4,1,1,1], #bfTiles:4, #rnd:1, #ptPos:0, #tags:["notTrashProp"]]
[#nm:"Coral Shelf Three", #sz:point(1,1), #specs:[1], #specs2:0, #tp:"voxelStruct", #repeatL:[1,1,1,4,1,1,1], #bfTiles:4, #rnd:1, #ptPos:0, #tags:["notTrashProp"]]
[#nm:"Coral Shelf Four", #sz:point(1,1), #specs:[1], #specs2:0, #tp:"voxelStruct", #repeatL:[1,1,1,4,1,1,1], #bfTiles:4, #rnd:1, #ptPos:0, #tags:["notTrashProp"]]
[#nm:"Ridge Stalactite", #sz:point(1,4), #specs:[1,1,1,1], #specs2:0, #tp:"voxelStruct", #repeatL:[1,1,1,1,2,1,1,1,1], #bfTiles:1, #rnd:1, #ptPos:0, #tags:["notTrashProp"]]
[#nm:"Heat Duct N", #sz:point(9,2), #specs:[1,1,1,1,1,1,1,1,1,1,1,1,1,1,1,1,1,1], #specs2:0, #tp:"voxelStruct", #repeatL:[1,3,2,1], #bfTiles:0, #rnd:1, #ptPos:0, #tags:[]]
[#nm:"Heat Duct E", #sz:point(2,9), #specs:[1,1,1,1,1,1,1,1,1,1,1,1,1,1,1,1,1,1], #specs2:0, #tp:"voxelStruct", #repeatL:[1,3,2,1], #bfTiles:0, #rnd:1, #ptPos:0, #tags:[]]
[#nm:"Heat Duct S", #sz:point(9,2), #specs:[1,1,1,1,1,1,1,1,1,1,1,1,1,1,1,1,1,1], #specs2:0, #tp:"voxelStruct", #repeatL:[1,3,2,1], #bfTiles:0, #rnd:1, #ptPos:0, #tags:[]]
[#nm:"Heat Duct W", #sz:point(2,9), #specs:[1,1,1,1,1,1,1,1,1,1,1,1,1,1,1,1,1,1], #specs2:0, #tp:"voxelStruct", #repeatL:[1,3,2,1], #bfTiles:0, #rnd:1, #ptPos:0, #tags:[]]
[#nm:"Arrow Pipe L", #sz:point(8,11), #specs:[0,0,0,0,0,0,0,0,0,0,0,0,0,0,0,0,0,0,0,0,0,0,0,0,0,0,0,0,0,0,0,0,0,0,0,0,0,0,0,0,0,0,0,0,0,0,0,0,0,0,0,0,0,0,0,0,0,0,0,0,0,0,0,0,0,0,0,0,0,0,0,0,0,0,0,0,0,0,0,0,0,0,0,0,0,0,0,0], #specs2:[0,0,0,0,0,0,0,0,0,0,0,0,0,0,0,0,0,0,0,0,0,0,0,0,0,0,0,0,0,0,0,0,0,0,0,0,0,0,0,0,0,0,0,0,0,0,0,0,0,0,0,0,0,0,0,0,0,0,0,0,0,0,0,0,0,0,0,0,0,0,0,0,0,0,0,0,0,0,0,0,0,0,0,0,0,0,0,0], #tp:"voxelStruct", #repeatL:[1,1,1,1,1,1,1,1,1,1,1,1,1,1,1], #bfTiles:0, #rnd:1, #ptPos:0, #tags:["notTrashProp"]]
[#nm:"Arrow Pipe R", #sz:point(8,11), #specs:[0,0,0,0,0,0,0,0,0,0,0,0,0,0,0,0,0,0,0,0,0,0,0,0,0,0,0,0,0,0,0,0,0,0,0,0,0,0,0,0,0,0,0,0,0,0,0,0,0,0,0,0,0,0,0,0,0,0,0,0,0,0,0,0,0,0,0,0,0,0,0,0,0,0,0,0,0,0,0,0,0,0,0,0,0,0,0,0], #specs2:[0,0,0,0,0,0,0,0,0,0,0,0,0,0,0,0,0,0,0,0,0,0,0,0,0,0,0,0,0,0,0,0,0,0,0,0,0,0,0,0,0,0,0,0,0,0,0,0,0,0,0,0,0,0,0,0,0,0,0,0,0,0,0,0,0,0,0,0,0,0,0,0,0,0,0,0,0,0,0,0,0,0,0,0,0,0,0,0], #tp:"voxelStruct", #repeatL:[1,1,1,1,1,1,1,1,1,1,1,1,1,1,1], #bfTiles:0, #rnd:1, #ptPos:0, #tags:["notTrashProp"]]



-["Dual Spires", color(192, 75, 130)]
[#nm:"Satellite Box", #sz:point(5,5), #specs:[1,1,1,1,1,-1,-1,1,1,1,1,1,1,1,1,-1,-1,1,1,1,1,1,1,1,1], #specs2:0, #tp:"voxelStruct", #repeatL:[1,1,1,1,1,2,3], #bfTiles:1, #rnd:1, #ptPos:0, #tags:["nonSolid"]]
[#nm:"Mini Spire Ball", #sz:point(3,3), #specs:[3,1,5,1,1,1,2,1,4], #specs2:0, #tp:"voxelStruct", #repeatL:[1, 1, 1, 1, 1, 1, 1, 1, 2], #bfTiles:1, #rnd:1, #ptPos:0, #tags:["nonSolid"]]
[#nm:"Spire Ball Rim NW", #sz:point(10,10), #specs:[-1,-1,-1,-1,-1,-1,3,1,1,1, -1,-1,-1,-1,3,1,1,1,1,1, -1,-1,-1,3,1,1,1,1,1,1, -1,-1,3,1,1,1,-1,-1,-1,-1, -1,3,1,1,1,-1,-1,-1,-1,-1, -1,1,1,1,-1,-1,-1,-1,-1,-1, 3,1,1,-1,-1,-1,-1,-1,-1,-1, 1,1,1,-1,-1,-1,-1,-1,-1,-1, 1,1,1,-1,-1,-1,-1,-1,-1,-1, 1,1,1,-1,-1,-1,-1,-1,-1,-1], #specs2:0, #tp:"voxelStruct", #repeatL:[1,1,1,1,1,1,1,1,1,1], #bfTiles:1, #rnd:1, #ptPos:0, #tags:[]]
[#nm:"Spire Ball Rim NE", #sz:point(11,10), #specs:[1,1,1,-1,-1,-1,-1,-1,-1,-1, 1,1,1,-1,-1,-1,-1,-1,-1,-1, 1,1,1,-1,-1,-1,-1,-1,-1,-1, 2,1,1,-1,-1,-1,-1,-1,-1,-1, -1,1,1,1,-1,-1,-1,-1,-1,-1, -1,2,1,1,1,-1,-1,-1,-1,-1, -1,-1,2,1,1,1,-1,-1,-1,-1, -1,-1,-1,2,1,1,1,1,1,1, -1,-1,-1,-1,2,1,1,1,1,1, -1,-1,-1,-1,-1,-1,2,1,1,1, -1,-1,-1,-1,-1,-1,-1,-1,-1,-1], #specs2:0, #tp:"voxelStruct", #repeatL:[1,1,1,1,1,1,1,1,1,1], #bfTiles:1, #rnd:1, #ptPos:0, #tags:[]]
[#nm:"Spire Ball Rim SE", #sz:point(12,12), #specs:[-1,-1,-1,-1,-1,-1,-1,1,1,1,-1,-1, -1,-1,-1,-1,-1,-1,-1,1,1,1,-1,-1, -1,-1,-1,-1,-1,-1,-1,1,1,1,-1,-1, -1,-1,-1,-1,-1,-1,-1,1,1,4,-1,-1, -1,-1,-1,-1,-1,-1,1,1,1,-1,-1,-1, -1,-1,-1,-1,-1,1,1,1,4,-1,-1,-1, -1,-1,-1,-1,1,1,1,4,-1,-1,-1,-1, 1,1,1,1,1,1,4,-1,-1,-1,-1,-1, 1,1,1,1,1,4,-1,-1,-1,-1,-1,-1, 1,1,1,4,-1,-1,-1,-1,-1,-1,-1,-1, -1,-1,-1,-1,-1,-1,-1,-1,-1,-1,-1,-1, -1,-1,-1,-1,-1,-1,-1,-1,-1,-1,-1,-1], #specs2:0, #tp:"voxelStruct", #repeatL:[1,1,1,1,1,1,1,1,1,1], #bfTiles:0, #rnd:1, #ptPos:0, #tags:[]]
[#nm:"Spire Ball Rim SW", #sz:point(12,12), #specs:[-1,-1,-1,-1,-1,-1,-1,-1,-1,-1,-1,-1, -1,-1,-1,-1,-1,-1,-1,-1,-1,-1,-1,-1, -1,1,1,1,5,-1,-1,-1,-1,-1,-1,-1, -1,1,1,1,1,1,5,-1,-1,-1,-1,-1, -1,1,1,1,1,1,1,5,-1,-1,-1,-1, -1,-1,-1,-1,-1,1,1,1,5,-1,-1,-1, -1,-1,-1,-1,-1,-1,1,1,1,5,-1,-1, -1,-1,-1,-1,-1,-1,-1,1,1,1,-1,-1, -1,-1,-1,-1,-1,-1,-1,-1,1,1,5,-1, -1,-1,-1,-1,-1,-1,-1,-1,1,1,1,-1, -1,-1,-1,-1,-1,-1,-1,-1,1,1,1,-1, -1,-1,-1,-1,-1,-1,-1,-1,1,1,1,-1], #specs2:0, #tp:"voxelStruct", #repeatL:[1,1,1,1,1,1,1,1,1,1], #bfTiles:0, #rnd:1, #ptPos:0, #tags:[]]
[#nm:"Sky Tower Support", #sz:point(22,22), #specs:[1,1,1,1,1,1,1,1,1,1,1,1,1,1,1,1,1,1,1,1,1,1, 1,1,1,1,1,1,1,1,1,1,1,1,1,1,1,1,1,1,1,1,1,1, -1,2,1,1,1,1,1,1,1,1,1,1,1,1,1,1,1,1,1,1,4,-1, -1,-1,2,1,1,1,1,1,1,1,1,1,1,1,1,1,1,1,1,4,-1,-1, -1,-1,-1,2,1,1,1,1,1,1,1,1,1,1,1,1,1,1,4,-1,-1,-1, -1,-1,-1,-1,2,1,1,1,1,1,1,1,1,1,1,1,1,4,-1,-1,-1,-1, -1,-1,-1,-1,-1,2,1,1,1,1,1,1,1,1,1,1,4,-1,-1,-1,-1,-1, -1,-1,-1,-1,-1,-1,2,1,1,1,1,1,1,1,1,4,-1,-1,-1,-1,-1,-1, -1,-1,-1,-1,-1,-1,-1,2,1,1,1,1,1,1,4,-1,-1,-1,-1,-1,-1,-1, -1,-1,-1,-1,-1,-1,-1,-1,1,1,1,1,1,1,-1,-1,-1,-1,-1,-1,-1,-1, -1,-1,-1,-1,-1,-1,-1,-1,1,1,1,1,1,1,-1,-1,-1,-1,-1,-1,-1,-1, -1,-1,-1,-1,-1,-1,-1,-1,1,1,1,1,1,1,-1,-1,-1,-1,-1,-1,-1,-1, -1,-1,-1,-1,-1,-1,-1,-1,1,1,1,1,1,1,-1,-1,-1,-1,-1,-1,-1,-1, -1,-1,-1,-1,-1,-1,-1,3,1,1,1,1,1,1,5,-1,-1,-1,-1,-1,-1,-1,-1,-1,-1,-1,-1,-1,3,1,1,1,1,1,1,1,1,5,-1,-1,-1,-1,-1,-1,-1,-1,-1,-1,-1,3,1,1,1,1,1,1,1,1,1,1,5,-1,-1,-1,-1,-1,  -1,-1,-1,-1,3,1,1,1,1,1,1,1,1,1,1,1,1,5,-1,-1,-1,-1, -1,-1,-1,3,1,1,1,1,1,1,1,1,1,1,1,1,1,1,5,-1,-1,-1, -1,-1,3,1,1,1,1,1,1,1,1,1,1,1,1,1,1,1,1,5,-1,-1, -1,3,1,1,1,1,1,1,1,1,1,1,1,1,1,1,1,1,1,1,5,-1, 1,1,1,1,1,1,1,1,1,1,1,1,1,1,1,1,1,1,1,1,1,1, 1,1,1,1,1,1,1,1,1,1,1,1,1,1,1,1,1,1,1,1,1,1], #specs2:0, #tp:"voxelStruct", #repeatL:[1,1,1,1,1,1,4], #bfTiles:0, #rnd:1, #ptPos:0, #tags:[]]

[#nm:"Pole Cage Segment L", #sz:point(3,1), #specs:[0,0,0], #specs2:0, #tp:"voxelStruct", #repeatL:[1,1,2,2,2,1,1], #bfTiles:1, #rnd:1, #ptPos:0, #tags:["nonSolid"]]
[#nm:"Pole Cage Divider L", #sz:point(3,1), #specs:[0,0,0], #specs2:0, #tp:"voxelStruct", #repeatL:[1,1,1,1,2,1,1,1,1], #bfTiles:1, #rnd:1, #ptPos:0, #tags:["nonSolid"]]
[#nm:"Pole Cage Top L", #sz:point(3,1), #specs:[0,0,0], #specs2:0, #tp:"voxelStruct", #repeatL:[1,1,1,1,2,1,1,1,1], #bfTiles:1, #rnd:1, #ptPos:0, #tags:["nonSolid"]]
[#nm:"Pole Cage Bottom L", #sz:point(3,1), #specs:[0,0,0], #specs2:0, #tp:"voxelStruct", #repeatL:[1,1,1,1,2,1,1,1,1], #bfTiles:1, #rnd:1, #ptPos:0, #tags:["nonSolid"]]
[#nm:"Pole Cage Segment R", #sz:point(3,1), #specs:[0,0,0], #specs2:0, #tp:"voxelStruct", #repeatL:[1,1,2,2,2,1,1], #bfTiles:1, #rnd:1, #ptPos:0, #tags:["nonSolid"]]
[#nm:"Pole Cage Divider R", #sz:point(3,1), #specs:[0,0,0], #specs2:0, #tp:"voxelStruct", #repeatL:[1,1,1,1,2,1,1,1,1], #bfTiles:1, #rnd:1, #ptPos:0, #tags:["nonSolid"]]
[#nm:"Pole Cage Top R", #sz:point(3,1), #specs:[0,0,0], #specs2:0, #tp:"voxelStruct", #repeatL:[1,1,1,1,2,1,1,1,1], #bfTiles:1, #rnd:1, #ptPos:0, #tags:["nonSolid"]]
[#nm:"Pole Cage Bottom R", #sz:point(3,1), #specs:[0,0,0], #specs2:0, #tp:"voxelStruct", #repeatL:[1,1,1,1,2,1,1,1,1], #bfTiles:1, #rnd:1, #ptPos:0, #tags:["nonSolid"]]
[#nm:"Pole Cage Segment M", #sz:point(3,1), #specs:[0,0,0], #specs2:0, #tp:"voxelStruct", #repeatL:[1,1,2,2,2,1,1], #bfTiles:1, #rnd:1, #ptPos:0, #tags:["nonSolid"]]
[#nm:"Pole Cage Divider M", #sz:point(3,1), #specs:[0,0,0], #specs2:0, #tp:"voxelStruct", #repeatL:[1,1,1,1,2,1,1,1,1], #bfTiles:1, #rnd:1, #ptPos:0, #tags:["nonSolid"]]



-["Badlands", color(255, 207, 94)]
[#nm:"Grand Head", #sz:point(8,8), #specs:[1,1,1,1,1,1,1,1,1,1,1,1,1,1,1,1,1,1,1,1,1,1,1,1,1,1,1,1,1,1,1,1,1,1,1,1,1,1,1,1,1,1,1,1,1,1,1,1,1,1,1,1,1,1,1,1,1,1,1,1,1,1,1,1], #specs2:0, 
[#nm:"Med Supports", #sz:point(10,12), #specs:[1,1,1,1,1,1,1,1,1,1,1,1, 0,0,0,0,0,0,0,0,0,0,0,0, 0,0,0,0,0,0,0,0,0,0,0,0, 0,0,0,0,0,0,0,0,0,0,0,0, 0,0,0,0,0,0,0,0,0,0,0,0, 0,0,0,0,0,0,0,0,0,0,0,0, 0,0,0,0,0,0,0,0,0,0,0,0, 0,0,0,0,0,0,0,0,0,0,0,0, 0,0,0,0,0,0,0,0,0,0,0,0, 1,1,1,1,1,1,1,1,1,1,1,1], #specs2:[-1,-1,-1,-1,-1,-1,-1,-1,-1,-1,-1,-1, -1,-1,-1,-1,-1,-1,-1,-1,-1,-1,-1,-1, -1,-1,-1,-1,-1,-1,-1,-1,-1,-1,-1,-1, -1,-1,-1,-1,-1,-1,-1,-1,-1,-1,-1,-1, -1,-1,-1,-1,-1,-1,-1,-1,-1,-1,-1,-1, -1,-1,-1,-1,-1,-1,-1,-1,-1,-1,-1,-1, -1,-1,-1,-1,-1,-1,-1,-1,-1,-1,-1,-1, -1,-1,-1,-1,-1,-1,-1,-1,-1,-1,-1,-1, -1,-1,-1,-1,-1,-1,-1,-1,-1,-1,-1,-1, -1,-1,-1,-1,-1,-1,-1,-1,-1,-1,-1,-1], #tp:"voxelStruct", #repeatL:[1,1,1,6,2,6,1,1,1], #bfTiles:0, #rnd:1, #ptPos:0, #tags:["nonSolid"]]
[#nm:"Med Supports Top", #sz:point(10,1), #specs:[1,1,1,1,1,1,1,1,1,1], #specs2:[1,-1,-1,-1,-1,-1,-1,-1,-1,1], #tp:"voxelStruct", #repeatL:[1,2,14,3], #bfTiles:0, #rnd:1, #ptPos:0, #tags:["nonSolid"]]
[#nm:"Med Supports Railing", #sz:point(10,1), #specs:[0,0,0,0,0,0,0,0,0,0], #specs2:[-1,-1,-1,-1,-1,-1,-1,-1,-1,-1], #tp:"voxelStruct", #repeatL:[1,3,5,2,5,3,1], #bfTiles:0, #rnd:1, #ptPos:0, #tags:["nonSolid"]]
[#nm:"Support Beam", #sz:point(1,1), #specs:[1], #specs2:0, #tp:"voxelStruct", #repeatL:[1,9], #bfTiles:0, #rnd:1, #ptPos:0, #tags:[]]
[#nm:"Support Beam Vertical", #sz:point(1,1), #specs:[1], #specs2:0, #tp:"voxelStruct", #repeatL:[1,9], #bfTiles:0, #rnd:1, #ptPos:0, #tags:[]]
[#nm:"Support Beam Joint", #sz:point(1,1), #specs:[1], #specs2:0, #tp:"voxelStruct", #repeatL:[10], #bfTiles:0, #rnd:1, #ptPos:0, #tags:[]]
[#nm:"Metal Chimney Segment", #sz:point(16,5), #specs:[-1,-1,-1,-1,-1, -1,-1,-1,-1,-1, -1,-1,-1,-1,-1, 1,1,1,1,1, 1,1,1,1,1, 1,1,1,1,1, 1,1,1,1,1, 1,1,1,1,1, 1,1,1,1,1, 1,1,1,1,1, 1,1,1,1,1, 1,1,1,1,1, 1,1,1,1,1, -1,-1,-1,-1,-1, -1,-1,-1,-1,-1, -1,-1,-1,-1,-1], #specs2:[1,1,1,1,1, 1,1,1,1,1, 1,1,1,1,1, 1,1,1,1,1, 1,1,1,1,1, 1,1,1,1,1, 1,1,1,1,1, 1,1,1,1,1, 1,1,1,1,1, 1,1,1,1,1, 1,1,1,1,1, 1,1,1,1,1, 1,1,1,1,1, 1,1,1,1,1, 1,1,1,1,1, 1,1,1,1,1], #tp:"voxelStruct", #repeatL:[1,1,1,1,1,1,1,1,1,1,1,1,1,1,1,1,1,1,1,1], #bfTiles:0, #rnd:1, #ptPos:0, #tags:[]]
[#nm:"Water Tower Funnel", #sz:point(16,5), #specs:[-1,-1,-1,-1,-1, -1,-1,-1,-1,-1, -1,-1,-1,-1,-1, 5,-1,-1,-1,-1, 1,1,5,-1,-1, 1,1,1,1,5, 1,1,1,1,1, 1,1,1,1,1, 1,1,1,1,1, 1,1,1,1,1, 1,1,1,1,4, 1,1,4,-1,-1, 4,-1,-1,-1,-1, -1,-1,-1,-1,-1, -1,-1,-1,-1,-1, -1,-1,-1,-1,-1], #specs2:[5,-1,-1,-1,-1, 1,5,-1,-1,-1, 1,1,5,-1,-1, 1,1,1,5,-1, 1,1,1,1,5, 1,1,1,1,1, 1,1,1,1,1, 1,1,1,1,1, 1,1,1,1,1, 1,1,1,1,1, 1,1,1,1,1, 1,1,1,1,4, 1,1,1,4,-1, 1,1,4,-1,-1, 1,4,-1,-1,-1, 4,-1,-1,-1,-1], #tp:"voxelStruct", #repeatL:[1,1,1,1,1,1,1,1,1,1,1,1,1,1,1,1,1,1,1,1], #bfTiles:0, #rnd:1, #ptPos:0, #tags:[]]
[#nm:"Water Tower Top", #sz:point(16,3), #specs:[-1,-1,-1, -1,-1,-1, -1,-1,-1, -1,-1,-1, -1,-1,-1, -1,-1,-1, -1,-1,-1, -1,-1,-1, -1,-1,-1, -1,-1,-1, -1,-1,-1, -1,-1,-1, -1,-1,-1, -1,-1,-1, -1,-1,-1, -1,-1,-1], #specs2:[-1,-1,3, -1,-1,1, -1,-1,1, -1,3,1, -1,1,1, -1,1,1, -1,1,1, -1,1,1, -1,1,1, -1,1,1, -1,1,1, -1,1,1, -1,2,1, -1,-1,1, -1,-1,1, -1,-1,2], #tp:"voxelStruct", #repeatL:[1,1,1,1,1,1,1,1,1,1,1,1,1,1,1,1,1,1,1,1], #bfTiles:0, #rnd:1, #ptPos:0, #tags:[]]
[#nm:"Water Tower Rim L", #sz:point(4,1), #specs:[0,0,0,0], #specs2:[1,1,1,1], #tp:"voxelStruct", #repeatL:[5,1,1,1,1,1,1,1,1,1,1,1,1,1,1,1], #bfTiles:1, #rnd:1, #ptPos:0, #tags:["nonSolid"]]
[#nm:"Water Tower Rim R", #sz:point(4,1), #specs:[0,0,0,0], #specs2:[1,1,1,1], #tp:"voxelStruct", #repeatL:[5,1,1,1,1,1,1,1,1,1,1,1,1,1,1,1], #bfTiles:1, #rnd:1, #ptPos:0, #tags:["nonSolid"]]
[#nm:"Med Supports Crossbeam", #sz:point(8,12), #specs:[0,0,0,0,0,0,0,0,0,0,0,0, 0,0,0,0,0,0,0,0,0,0,0,0, 0,0,0,0,0,0,0,0,0,0,0,0, 0,0,0,0,0,0,0,0,0,0,0,0, 0,0,0,0,0,0,0,0,0,0,0,0, 0,0,0,0,0,0,0,0,0,0,0,0, 0,0,0,0,0,0,0,0,0,0,0,0, 0,0,0,0,0,0,0,0,0,0,0,0], #specs2:0, #tp:"voxelStruct", #repeatL:[1,1], #bfTiles:0, #rnd:1, #ptPos:0, #tags:["nonSolid"]]
[#nm:"Water Tower Crossbeam L", #sz:point(4,12), #specs:[0,0,0,0,0,0,0,0,0,0,0,0, 0,0,0,0,0,0,0,0,0,0,0,0, 0,0,0,0,0,0,0,0,0,0,0,0, 0,0,0,0,0,0,0,0,0,0,0,0], #specs2:[-1,-1,-1,-1,-1,-1,-1,-1,-1,-1,-1,-1, -1,-1,-1,-1,-1,-1,-1,-1,-1,-1,-1,-1, -1,-1,-1,-1,-1,-1,-1,-1,-1,-1,-1,-1, -1,-1,-1,-1,-1,-1,-1,-1,-1,-1,-1,-1], #tp:"voxelStruct", #repeatL:[5,1,1,1,1,1,1,1,1,1,1,1,1,1,1,1], #bfTiles:0, #rnd:1, #ptPos:0, #tags:["nonSolid"]]
[#nm:"Water Tower Crossbeam R", #sz:point(4,12), #specs:[0,0,0,0,0,0,0,0,0,0,0,0, 0,0,0,0,0,0,0,0,0,0,0,0, 0,0,0,0,0,0,0,0,0,0,0,0, 0,0,0,0,0,0,0,0,0,0,0,0], #specs2:[-1,-1,-1,-1,-1,-1,-1,-1,-1,-1,-1,-1, -1,-1,-1,-1,-1,-1,-1,-1,-1,-1,-1,-1, -1,-1,-1,-1,-1,-1,-1,-1,-1,-1,-1,-1, -1,-1,-1,-1,-1,-1,-1,-1,-1,-1,-1,-1], #tp:"voxelStruct", #repeatL:[5,1,1,1,1,1,1,1,1,1,1,1,1,1,1,1], #bfTiles:0, #rnd:1, #ptPos:0, #tags:["nonSolid"]]



-["City Misc", color(148, 145, 93)]
[#nm:"Ornate Block A", #sz:point(6, 6), #specs:[1,1,1,1,1,1, 1,1,1,1,1,1, 1,1,1,1,1,1, 1,1,1,1,1,1, 1,1,1,1,1,1, 1,1,1,1,1,1], #specs2:0, #tp:"voxelStruct", #repeatL:[1,1,1,1,1,2,3], #bfTiles:1, #rnd:1, #ptPos:0, #tags:[]]
[#nm:"Ornate Block B", #sz:point(6, 6), #specs:[1,1,1,1,1,1, 1,1,1,1,1,1, 1,1,1,1,1,1, 1,1,1,1,1,1, 1,1,1,1,1,1, 1,1,1,1,1,1], #specs2:0, #tp:"voxelStruct", #repeatL:[1,1,1,1,1,2,3], #bfTiles:1, #rnd:1, #ptPos:0, #tags:[]]
[#nm:"Ornate Block C", #sz:point(6, 6), #specs:[1,1,1,1,1,1, 1,1,1,1,1,1, 1,1,1,1,1,1, 1,1,1,1,1,1, 1,1,1,1,1,1, 1,1,1,1,1,1], #specs2:0, #tp:"voxelStruct", #repeatL:[1,1,1,1,1,1,2,2], #bfTiles:1, #rnd:1, #ptPos:0, #tags:[]]
[#nm:"Tall Ornate Block A", #sz:point(6, 13), #specs:[1,1,1,1,1,1, 1,1,1,1,1,1, 1,1,1,1,1,1, 1,1,1,1,1,1, 1,1,1,1,1,1, 1,1,1,1,1,1, 1,1,1,1,1,1, 1,1,1,1,1,1, 1,1,1,1,1,1, 1,1,1,1,1,1, 1,1,1,1,1,1, 1,1,1,1,1,1, 1,1,1,1,1,1], #specs2:0, #tp:"voxelStruct", #repeatL:[1,1,1,1,1,5], #bfTiles:1, #rnd:1, #ptPos:0, #tags:[]]
[#nm:"Tall Ornate Block B", #sz:point(6, 13), #specs:[1,1,1,1,1,1, 1,1,1,1,1,1, 1,1,1,1,1,1, 1,1,1,1,1,1, 1,1,1,1,1,1, 1,1,1,1,1,1, 1,1,1,1,1,1, 1,1,1,1,1,1, 1,1,1,1,1,1, 1,1,1,1,1,1, 1,1,1,1,1,1, 1,1,1,1,1,1, 1,1,1,1,1,1], #specs2:0, #tp:"voxelStruct", #repeatL:[1,1,1,1,1,5], #bfTiles:1, #rnd:1, #ptPos:0, #tags:[]]

[#nm:"BG Vertical Pipe", #sz:point(1,1), #specs:[0], #specs2:0, #tp:"voxelStruct", #repeatL:[6,1,1,1,1], #bfTiles:0, #rnd:1, #ptPos:0, #tags:["nonSolid"]]
[#nm:"BG Horizontal Pipe", #sz:point(1,1), #specs:[0], #specs2:0, #tp:"voxelStruct", #repeatL:[6,1,1,1,1], #bfTiles:0, #rnd:1, #ptPos:0, #tags:["nonSolid"]]
[#nm:"BG Pipe WS", #sz:point(1,1), #specs:[0], #specs2:0, #tp:"voxelStruct", #repeatL:[6,1,1,1,1], #bfTiles:0, #rnd:1, #ptPos:0, #tags:["nonSolid"]]
[#nm:"BG Pipe WN", #sz:point(1,1), #specs:[0], #specs2:0, #tp:"voxelStruct", #repeatL:[6,1,1,1,1], #bfTiles:0, #rnd:1, #ptPos:0, #tags:["nonSolid"]]
[#nm:"BG Pipe ES", #sz:point(1,1), #specs:[0], #specs2:0, #tp:"voxelStruct", #repeatL:[6,1,1,1,1], #bfTiles:0, #rnd:1, #ptPos:0, #tags:["nonSolid"]]
[#nm:"BG Pipe EN", #sz:point(1,1), #specs:[0], #specs2:0, #tp:"voxelStruct", #repeatL:[6,1,1,1,1], #bfTiles:0, #rnd:1, #ptPos:0, #tags:["nonSolid"]]
[#nm:"BG Pipe Inwards E", #sz:point(1,1), #specs:[0], #specs2:0, #tp:"voxelStruct", #repeatL:[6,1,1,1,1], #bfTiles:0, #rnd:1, #ptPos:0, #tags:["nonSolid"]]
[#nm:"BG Pipe Inwards N", #sz:point(1,1), #specs:[0], #specs2:0, #tp:"voxelStruct", #repeatL:[6,1,1,1,1], #bfTiles:0, #rnd:1, #ptPos:0, #tags:["nonSolid"]]
[#nm:"BG Pipe Inwards W", #sz:point(1,1), #specs:[0], #specs2:0, #tp:"voxelStruct", #repeatL:[6,1,1,1,1], #bfTiles:0, #rnd:1, #ptPos:0, #tags:["nonSolid"]]
[#nm:"BG Pipe Inwards S", #sz:point(1,1), #specs:[0], #specs2:0, #tp:"voxelStruct", #repeatL:[6,1,1,1,1], #bfTiles:0, #rnd:1, #ptPos:0, #tags:["nonSolid"]]

[#nm:"Stone Arch 1L", #sz:point(1,1), #specs:[1], #specs2:0, #tp:"voxelStruct", #repeatL:[10], #bfTiles:1, #rnd:1, #ptPos:0, #tags:["notTrashProp"]]
[#nm:"Stone Arch 1R", #sz:point(1,1), #specs:[1], #specs2:0, #tp:"voxelStruct", #repeatL:[10], #bfTiles:1, #rnd:1, #ptPos:0, #tags:["notTrashProp"]]
[#nm:"Stone Arch 2L", #sz:point(1,1), #specs:[1], #specs2:0, #tp:"voxelStruct", #repeatL:[10], #bfTiles:2, #rnd:1, #ptPos:0, #tags:["notTrashProp"]]
[#nm:"Stone Arch 2R", #sz:point(1,1), #specs:[1], #specs2:0, #tp:"voxelStruct", #repeatL:[10], #bfTiles:2, #rnd:1, #ptPos:0, #tags:["notTrashProp"]]
[#nm:"Stone Arch 3L", #sz:point(1,1), #specs:[1], #specs2:0, #tp:"voxelStruct", #repeatL:[10], #bfTiles:3, #rnd:1, #ptPos:0, #tags:["notTrashProp"]]
[#nm:"Stone Arch 3R", #sz:point(1,1), #specs:[1], #specs2:0, #tp:"voxelStruct", #repeatL:[10], #bfTiles:3, #rnd:1, #ptPos:0, #tags:["notTrashProp"]]
[#nm:"Stone Arch 4L", #sz:point(1,1), #specs:[1], #specs2:0, #tp:"voxelStruct", #repeatL:[10], #bfTiles:4, #rnd:1, #ptPos:0, #tags:["notTrashProp"]]
[#nm:"Stone Arch 4R", #sz:point(1,1), #specs:[1], #specs2:0, #tp:"voxelStruct", #repeatL:[10], #bfTiles:4, #rnd:1, #ptPos:0, #tags:["notTrashProp"]]

[#nm:"Dark Window Square", #sz:point(1, 1), #specs:[1], #specs2:0, #tp:"voxelStruct", #repeatL:[2,2,1], #bfTiles:0, #rnd:1, #ptPos:0, #tags:[]]
[#nm:"Dark Window N", #sz:point(1, 1), #specs:[1], #specs2:0, #tp:"voxelStruct", #repeatL:[2,2,1], #bfTiles:0, #rnd:1, #ptPos:0, #tags:[]]
[#nm:"Dark Window E", #sz:point(1, 1), #specs:[1], #specs2:0, #tp:"voxelStruct", #repeatL:[2,2,1], #bfTiles:0, #rnd:1, #ptPos:0, #tags:[]]
[#nm:"Dark Window S", #sz:point(1, 1), #specs:[1], #specs2:0, #tp:"voxelStruct", #repeatL:[2,2,1], #bfTiles:0, #rnd:1, #ptPos:0, #tags:[]]
[#nm:"Dark Window W", #sz:point(1, 1), #specs:[1], #specs2:0, #tp:"voxelStruct", #repeatL:[2,2,1], #bfTiles:0, #rnd:1, #ptPos:0, #tags:[]]
[#nm:"Dark Window NW", #sz:point(1, 1), #specs:[1], #specs2:0, #tp:"voxelStruct", #repeatL:[2,2,1], #bfTiles:0, #rnd:1, #ptPos:0, #tags:[]]
[#nm:"Dark Window NE", #sz:point(1, 1), #specs:[1], #specs2:0, #tp:"voxelStruct", #repeatL:[2,2,1], #bfTiles:0, #rnd:1, #ptPos:0, #tags:[]]
[#nm:"Dark Window SE", #sz:point(1, 1), #specs:[1], #specs2:0, #tp:"voxelStruct", #repeatL:[2,2,1], #bfTiles:0, #rnd:1, #ptPos:0, #tags:[]]
[#nm:"Dark Window SW", #sz:point(1, 1), #specs:[1], #specs2:0, #tp:"voxelStruct", #repeatL:[2,2,1], #bfTiles:0, #rnd:1, #ptPos:0, #tags:[]]

[#nm:"Mega Monster Fan", #sz:point(31,31), #specs:[-1,-1,-1,-1,-1,-1,-1,-1,-1,-1,-1,-1,-1,1,1,1,1,1,-1,-1,-1,-1,-1,-1,-1,-1,-1,-1,-1,-1,-1,-1,-1,-1,-1,-1,-1,-1,-1,-1,1,1,1,1,1,1,1,1,1,1,1,1,1,-1,-1,-1,-1,-1,-1,-1,-1,-1,-1,-1,-1,-1,-1,-1,-1,1,1,1,1,1,1,1,1,1,1,1,1,1,1,1,1,1,-1,-1,-1,-1,-1,-1,-1,-1,-1,-1,-1,-1,-1,1,1,1,1,1,1,1,1,1,1,1,1,1,1,1,1,1,1,1,-1,-1,-1,-1,-1,-1,-1,-1,-1,-1,-1,1,1,1,1,1,1,4,-1,-1,-1,-1,-1,-1,-1,2,1,1,1,1,1,1,-1,-1,-1,-1,-1,-1,-1,-1,-1,1,1,1,1,1,4,-1,-1,-1,-1,-1,-1,-1,-1,-1,-1,-1,2,1,1,1,1,1,-1,-1,-1,-1,-1,-1,-1,1,1,1,1,4,-1,-1,-1,-1,-1,-1,-1,-1,-1,-1,-1,-1,-1,-1,-1,2,1,1,1,1,-1,-1,-1,-1,-1,1,1,1,1,4,-1,-1,-1,-1,-1,-1,-1,-1,-1,-1,-1,-1,-1,-1,-1,-1,-1,2,1,1,1,1,-1,-1,-1,-1,1,1,1,1,-1,-1,-1,-1,-1,-1,-1,-1,-1,-1,-1,-1,-1,-1,-1,-1,-1,-1,-1,1,1,1,1,-1,-1,-1,1,1,1,1,4,-1,-1,-1,-1,-1,-1,-1,-1,-1,-1,-1,-1,-1,-1,-1,-1,-1,-1,-1,2,1,1,1,1,-1,-1,1,1,1,1,-1,-1,-1,-1,-1,-1,-1,-1,-1,-1,-1,-1,-1,-1,-1,-1,-1,-1,-1,-1,-1,1,1,1,1,-1,-1,1,1,1,4,-1,-1,-1,-1,-1,-1,-1,-1,-1,-1,-1,-1,-1,-1,-1,-1,-1,-1,-1,-1,-1,2,1,1,1,-1,-1,1,1,1,-1,-1,-1,-1,-1,-1,-1,-1,-1,-1,-1,-1,-1,-1,-1,-1,-1,-1,-1,-1,-1,-1,-1,1,1,1,-1,1,1,1,1,-1,-1,-1,-1,-1,-1,-1,-1,-1,-1,-1,-1,-1,-1,-1,-1,-1,-1,-1,-1,-1,-1,-1,1,1,1,1,1,1,1,1,-1,-1,-1,-1,-1,-1,-1,-1,-1,-1,-1,-1,-1,-1,-1,-1,-1,-1,-1,-1,-1,-1,-1,1,1,1,1,1,1,1,1,-1,-1,-1,-1,-1,-1,-1,-1,-1,-1,-1,0,-1,-1,-1,-1,-1,-1,-1,-1,-1,-1,-1,1,1,1,1,1,1,1,1,-1,-1,-1,-1,-1,-1,-1,-1,-1,-1,-1,-1,-1,-1,-1,-1,-1,-1,-1,-1,-1,-1,-1,1,1,1,1,1,1,1,1,-1,-1,-1,-1,-1,-1,-1,-1,-1,-1,-1,-1,-1,-1,-1,-1,-1,-1,-1,-1,-1,-1,-1,1,1,1,1,-1,1,1,1,-1,-1,-1,-1,-1,-1,-1,-1,-1,-1,-1,-1,-1,-1,-1,-1,-1,-1,-1,-1,-1,-1,-1,1,1,1,-1,-1,1,1,1,5,-1,-1,-1,-1,-1,-1,-1,-1,-1,-1,-1,-1,-1,-1,-1,-1,-1,-1,-1,-1,-1,3,1,1,1,-1,-1,1,1,1,1,-1,-1,-1,-1,-1,-1,-1,-1,-1,-1,-1,-1,-1,-1,-1,-1,-1,-1,-1,-1,-1,1,1,1,1,-1,-1,1,1,1,1,5,-1,-1,-1,-1,-1,-1,-1,-1,-1,-1,-1,-1,-1,-1,-1,-1,-1,-1,-1,3,1,1,1,1,-1,-1,-1,1,1,1,1,-1,-1,-1,-1,-1,-1,-1,-1,-1,-1,-1,-1,-1,-1,-1,-1,-1,-1,-1,1,1,1,1,-1,-1,-1,-1,1,1,1,1,5,-1,-1,-1,-1,-1,-1,-1,-1,-1,-1,-1,-1,-1,-1,-1,-1,-1,3,1,1,1,1,-1,-1,-1,-1,-1,1,1,1,1,5,-1,-1,-1,-1,-1,-1,-1,-1,-1,-1,-1,-1,-1,-1,-1,3,1,1,1,1,-1,-1,-1,-1,-1,-1,-1,1,1,1,1,1,5,-1,-1,-1,-1,-1,-1,-1,-1,-1,-1,-1,3,1,1,1,1,1,-1,-1,-1,-1,-1,-1,-1,-1,-1,1,1,1,1,1,1,5,-1,-1,-1,-1,-1,-1,-1,3,1,1,1,1,1,1,-1,-1,-1,-1,-1,-1,-1,-1,-1,-1,-1,1,1,1,1,1,1,1,1,1,1,1,1,1,1,1,1,1,1,1,-1,-1,-1,-1,-1,-1,-1,-1,-1,-1,-1,-1,-1,1,1,1,1,1,1,1,1,1,1,1,1,1,1,1,1,1,-1,-1,-1,-1,-1,-1,-1,-1,-1,-1,-1,-1,-1,-1,-1,-1,1,1,1,1,1,1,1,1,1,1,1,1,1,-1,-1,-1,-1,-1,-1,-1,-1,-1,-1,-1,-1,-1,-1,-1,-1,-1,-1,-1,-1,-1,-1,1,1,1,1,1,-1,-1,-1,-1,-1,-1,-1,-1,-1,-1,-1,-1,-1], #specs2:0, #tp:"voxelStruct", #repeatL:[1,1,1,1,6], #bfTiles:0, #rnd:1, #ptPos:0, #tags:["notTrashProp"]]
[#nm:"Catwalk", #sz:point(10,1), #specs:[1,1,1,1,1,1,1,1,1,1], #specs2:[1,1,1,1,1,1,1,1,1,1], #tp:"voxelStruct", #repeatL:[1, 1, 1, 1, 1, 1, 1, 1, 1, 1, 1, 1, 1, 1, 1], #bfTiles:4, #rnd:1, #ptPos:0, #tags:[]]
[#nm:"Container", #sz:point(24,12), #specs:[1,1,1,1,1,1,1,1,1,1,1,1,1,1,1,1,1,1,1,1,1,1,1,1,1,1,1,1,1,1,1,1,1,1,1,1,1,1,1,1,1,1,1,1,1,1,1,1,1,1,1,1,1,1,1,1,1,1,1,1,1,1,1,1,1,1,1,1,1,1,1,1,1,1,1,1,1,1,1,1,1,1,1,1,1,1,1,1,1,1,1,1,1,1,1,1,1,1,1,1,1,1,1,1,1,1,1,1,1,1,1,1,1,1,1,1,1,1,1,1,1,1,1,1,1,1,1,1,1,1,1,1,1,1,1,1,1,1,1,1,1,1,1,1,1,1,1,1,1,1,1,1,1,1,1,1,1,1,1,1,1,1,1,1,1,1,1,1,1,1,1,1,1,1,1,1,1,1,1,1,1,1,1,1,1,1,1,1,1,1,1,1,1,1,1,1,1,1,1,1,1,1,1,1,1,1,1,1,1,1,1,1,1,1,1,1,1,1,1,1,1,1,1,1,1,1,1,1,1,1,1,1,1,1,1,1,1,1,1,1,1,1,1,1,1,1,1,1,1,1,1,1,1,1,1,1,1,1,1,1,1,1,1,1,1,1,1,1,1,1,1,1,1,1,1,1,1,1,1,1,1,1,1,1,1,1,1,1], #specs2:[1,1,1,1,1,1,1,1,1,1,1,1,1,1,1,1,1,1,1,1,1,1,1,1,1,1,1,1,1,1,1,1,1,1,1,1,1,1,1,1,1,1,1,1,1,1,1,1,1,1,1,1,1,1,1,1,1,1,1,1,1,1,1,1,1,1,1,1,1,1,1,1,1,1,1,1,1,1,1,1,1,1,1,1,1,1,1,1,1,1,1,1,1,1,1,1,1,1,1,1,1,1,1,1,1,1,1,1,1,1,1,1,1,1,1,1,1,1,1,1,1,1,1,1,1,1,1,1,1,1,1,1,1,1,1,1,1,1,1,1,1,1,1,1,1,1,1,1,1,1,1,1,1,1,1,1,1,1,1,1,1,1,1,1,1,1,1,1,1,1,1,1,1,1,1,1,1,1,1,1,1,1,1,1,1,1,1,1,1,1,1,1,1,1,1,1,1,1,1,1,1,1,1,1,1,1,1,1,1,1,1,1,1,1,1,1,1,1,1,1,1,1,1,1,1,1,1,1,1,1,1,1,1,1,1,1,1,1,1,1,1,1,1,1,1,1,1,1,1,1,1,1,1,1,1,1,1,1,1,1,1,1,1,1,1,1,1,1,1,1,1,1,1,1,1,1,1,1,1,1,1,1,1,1,1,1,1,1], #tp:"voxelStruct", #repeatL:[1,1,1,1,1,1,1,6,1,1,1,2,1,1], #bfTiles:1, #rnd:1, #ptPos:0, #tags:[]]
[#nm:"Side Container Front", #sz:point(12,12), #specs:[1,1,1,1,1,1,1,1,1,1,1,1, 1,1,1,1,1,1,1,1,1,1,1,1, 1,1,1,1,1,1,1,1,1,1,1,1, 1,1,1,1,1,1,1,1,1,1,1,1, 1,1,1,1,1,1,1,1,1,1,1,1, 1,1,1,1,1,1,1,1,1,1,1,1, 1,1,1,1,1,1,1,1,1,1,1,1, 1,1,1,1,1,1,1,1,1,1,1,1, 1,1,1,1,1,1,1,1,1,1,1,1, 1,1,1,1,1,1,1,1,1,1,1,1, 1,1,1,1,1,1,1,1,1,1,1,1, 1,1,1,1,1,1,1,1,1,1,1,1], #specs2:[1,1,1,1,1,1,1,1,1,1,1,1, 1,1,1,1,1,1,1,1,1,1,1,1, 1,1,1,1,1,1,1,1,1,1,1,1, 1,1,1,1,1,1,1,1,1,1,1,1, 1,1,1,1,1,1,1,1,1,1,1,1, 1,1,1,1,1,1,1,1,1,1,1,1, 1,1,1,1,1,1,1,1,1,1,1,1, 1,1,1,1,1,1,1,1,1,1,1,1, 1,1,1,1,1,1,1,1,1,1,1,1, 1,1,1,1,1,1,1,1,1,1,1,1, 1,1,1,1,1,1,1,1,1,1,1,1, 1,1,1,1,1,1,1,1,1,1,1,1], #tp:"voxelStruct", #repeatL:[1,1,1,1,1,2,2,2,2,2,2,2,1], #bfTiles:1, #rnd:1, #ptPos:0, #tags:[]]



-["Sewer", color(255, 255, 100)]
[#nm:"Sewer Wall Block N", #sz:point(1,1), #specs:[1], #specs2:0, #tp:"voxelStruct", #repeatL:[10], #bfTiles:0, #rnd:1, #ptPos:0, #tags:[]]
[#nm:"Sewer Wall Block S", #sz:point(1,1), #specs:[1], #specs2:0, #tp:"voxelStruct", #repeatL:[10], #bfTiles:0, #rnd:1, #ptPos:0, #tags:[]]
[#nm:"Sewer Wall Block W", #sz:point(1,1), #specs:[1], #specs2:0, #tp:"voxelStruct", #repeatL:[10], #bfTiles:0, #rnd:1, #ptPos:0, #tags:[]]
[#nm:"Sewer Wall Block E", #sz:point(1,1), #specs:[1], #specs2:0, #tp:"voxelStruct", #repeatL:[10], #bfTiles:0, #rnd:1, #ptPos:0, #tags:[]]
[#nm:"Sewer Wall N", #sz:point(1,1), #specs:[1], #specs2:[1], #tp:"voxelStruct", #repeatL:[1,1,1,1,1,1,1,1,1,1,1,1,1,1,1,1,1,1,1,1], #bfTiles:10, #rnd:1, #ptPos:0, #tags:[]]
[#nm:"Sewer Wall W", #sz:point(1,1), #specs:[1], #specs2:[1], #tp:"voxelStruct", #repeatL:[1,1,1,1,1,1,1,1,1,1,1,1,1,1,1,1,1,1,1,1], #bfTiles:10, #rnd:1, #ptPos:0, #tags:[]]
[#nm:"Sewer Wall E", #sz:point(1,1), #specs:[1], #specs2:[1], #tp:"voxelStruct", #repeatL:[1,1,1,1,1,1,1,1,1,1,1,1,1,1,1,1,1,1,1,1], #bfTiles:10, #rnd:1, #ptPos:0, #tags:[]]
[#nm:"Sewer Wall N Crawl Pipe", #sz:point(1,1), #specs:[0], #specs2:[1], #tp:"voxelStruct", #repeatL:[1,1,1,1,1,1,1,1,1,1,1,1,1,1,1,1,1,1,1,1], #bfTiles:10, #rnd:1, #ptPos:0, #tags:[]]
[#nm:"Sewer Wall W Crawl Pipe", #sz:point(1,1), #specs:[0], #specs2:[1], #tp:"voxelStruct", #repeatL:[1,1,1,1,1,1,1,1,1,1,1,1,1,1,1,1,1,1,1,1], #bfTiles:10, #rnd:1, #ptPos:0, #tags:[]]
[#nm:"Sewer Wall E Crawl Pipe", #sz:point(1,1), #specs:[0], #specs2:[1], #tp:"voxelStruct", #repeatL:[1,1,1,1,1,1,1,1,1,1,1,1,1,1,1,1,1,1,1,1], #bfTiles:10, #rnd:1, #ptPos:0, #tags:[]]
[#nm:"Sewer Wall NW", #sz:point(1,1), #specs:[1], #specs2:[1], #tp:"voxelStruct", #repeatL:[1,1,1,1,1,1,1,1,1,1,1,1,1,1,1,1,1,1,1,1], #bfTiles:10, #rnd:1, #ptPos:0, #tags:[]]
[#nm:"Sewer Wall NE", #sz:point(1,1), #specs:[1], #specs2:[1], #tp:"voxelStruct", #repeatL:[1,1,1,1,1,1,1,1,1,1,1,1,1,1,1,1,1,1,1,1], #bfTiles:10, #rnd:1, #ptPos:0, #tags:[]]
[#nm:"Sewer Big Grate Topper", #sz:point(16,1), #specs:[1,1,1,1,1,1,1,1,1,1,1,1,1,1,1,1], #specs2:[1,1,1,1,1,1,1,1,1,1,1,1,1,1,1,1], #tp:"voxelStruct", #repeatL:[1,1,1,1,1,1,1,1,1,1,1,1,1,1,1,1,1,1,1,1], #bfTiles:10, #rnd:1, #ptPos:0, #tags:[]]
[#nm:"Sewer Big Grate", #sz:point(16,16), #specs:[1,1,1,1,1,1,1,1,1,1,1,1,1,1,1,1, 1,1,1,1,1,1,1,1,1,1,1,1,1,1,1,1, 1,1,1,1,1,1,1,1,1,1,1,1,1,1,1,1, 1,1,1,1,1,1,1,1,1,1,1,1,1,1,1,1, 1,1,1,1,1,1,1,1,1,1,1,1,1,1,1,1, 1,1,1,1,1,1,1,1,1,1,1,1,1,1,1,1, 1,1,1,1,1,1,1,1,1,1,1,1,1,1,1,1, 1,1,1,1,1,1,1,1,1,1,1,1,1,1,1,1, 1,1,1,1,1,1,1,1,1,1,1,1,1,1,1,1, 1,1,1,1,1,1,1,1,1,1,1,1,1,1,1,1, 1,1,1,1,1,1,1,1,1,1,1,1,1,1,1,1, 1,1,1,1,1,1,1,1,1,1,1,1,1,1,1,1, 1,1,1,1,1,1,1,1,1,1,1,1,1,1,1,1, 1,1,1,1,1,1,1,1,1,1,1,1,1,1,1,1, 1,1,1,1,1,1,1,1,1,1,1,1,1,1,1,1, 1,1,1,1,1,1,1,1,1,1,1,1,1,1,1,1], #specs2:0, #tp:"voxelStruct", #repeatL:[1,1,1,7], #bfTiles:0, #rnd:1, #ptPos:0, #tags:[]]
[#nm:"Sewer Big Grate Alt", #sz:point(16,16), #specs:[1,1,1,1,1,1,1,1,1,1,1,1,1,1,1,1, 1,1,1,1,1,1,1,1,1,1,1,1,1,1,1,1, 1,1,1,1,1,1,1,1,1,1,1,1,1,1,1,1, 1,1,1,1,1,1,1,1,1,1,1,1,1,1,1,1, 1,1,1,1,1,1,1,1,1,1,1,1,1,1,1,1, 1,1,1,1,1,1,1,1,1,1,1,1,1,1,1,1, 1,1,1,1,1,1,1,1,1,1,1,1,1,1,1,1, 1,1,1,1,1,1,1,1,1,1,1,1,1,1,1,1, 1,1,1,1,1,1,1,1,1,1,1,1,1,1,1,1, 1,1,1,1,1,1,1,1,1,1,1,1,1,1,1,1, 1,1,1,1,1,1,1,1,1,1,1,1,1,1,1,1, 1,1,1,1,1,1,1,1,1,1,1,1,1,1,1,1, 1,1,1,1,1,1,1,1,1,1,1,1,1,1,1,1, 1,1,1,1,1,1,1,1,1,1,1,1,1,1,1,1, 1,1,1,1,1,1,1,1,1,1,1,1,1,1,1,1, 1,1,1,1,1,1,1,1,1,1,1,1,1,1,1,1], #specs2:0, #tp:"voxelStruct", #repeatL:[1,1,1,1,1,1,2,2], #bfTiles:0, #rnd:1, #ptPos:0, #tags:[]]
[#nm:"Sewer Arch L", #sz:point(11,11), #specs:[1,1,1,1,1,1,1,1,1,1,1, 1,1,1,1,1,1,4,-1,-1,-1,-1, 1,1,1,1,1,4,-1,-1,-1,-1,-1, 1,1,1,1,4,-1,-1,-1,-1,-1,-1, 1,1,1,4,-1,-1,-1,-1,-1,-1,-1, 1,1,4,-1,-1,-1,-1,-1,-1,-1,-1, 1,4,-1,-1,-1,-1,-1,-1,-1,-1,-1, 1,-1,-1,-1,-1,-1,-1,-1,-1,-1,-1, 1,-1,-1,-1,-1,-1,-1,-1,-1,-1,-1, 1,-1,-1,-1,-1,-1,-1,-1,-1,-1,-1, 1,-1,-1,-1,-1,-1,-1,-1,-1,-1,-1], #specs2:0, #tp:"voxelStruct", #repeatL:[10], #bfTiles:0, #rnd:1, #ptPos:0, #tags:[]]
[#nm:"Sewer Arch R", #sz:point(11,11), #specs:[1,-1,-1,-1,-1,-1,-1,-1,-1,-1,-1, 1,-1,-1,-1,-1,-1,-1,-1,-1,-1,-1, 1,-1,-1,-1,-1,-1,-1,-1,-1,-1,-1, 1,-1,-1,-1,-1,-1,-1,-1,-1,-1,-1, 1,5,-1,-1,-1,-1,-1,-1,-1,-1,-1, 1,1,5,-1,-1,-1,-1,-1,-1,-1,-1, 1,1,1,5,-1,-1,-1,-1,-1,-1,-1,  1,1,1,1,5,-1,-1,-1,-1,-1,-1, 1,1,1,1,1,5,-1,-1,-1,-1,-1, 1,1,1,1,1,1,5,-1,-1,-1,-1, 1,1,1,1,1,1,1,1,1,1,1], #specs2:0, #tp:"voxelStruct", #repeatL:[10], #bfTiles:0, #rnd:1, #ptPos:0, #tags:[]]
[#nm:"Grate Wall", #sz:point(1,1), #specs:[1], #specs2:0, #tp:"voxelStruct", #repeatL:[1,1,1,1,1,1,1,1,1,1,1,1,1,1,1,1,1,1,1,1], #bfTiles:0, #rnd:1, #ptPos:0, #tags:["nonSolid"]]
[#nm:"Grate Floor", #sz:point(1,1), #specs:[1], #specs2:0, #tp:"voxelStruct", #repeatL:[20], #bfTiles:0, #rnd:1, #ptPos:0, #tags:["nonSolid"]]
