BS_A11
186*122|7|0
5.1622*7.3724|0|0
12,1632|2308,1636|12,1087|12,579|12,11|1160,1087|1160,579|1160,11|2308,1087|2308,579|2308,11
Border: Solid




0

0|0|0|0|0|0|0|0|0|0|0|1|1|1|1|1|1|1|1|1|1|1|0|0|1|0,6|1|1,4,3|1|1|1|1|1|1|1|1|1|1|1|1|1|1|1|1|1|1|1|1|1|1|1|1|1|1|1|1|1|1|1|1|1|1|1|1|1|1|1|1|1|1|1|1|1|1|1|1|1|1|1|1|1|1|1|1|1|1|1|1|1|1|1|1|1|1|1|1,5,3|1|1|1|1|1|1|1|1|1|1|1|1|1,9,3|1|1,4,3|1|1|1|1|1|1|1|1|1|1|1|0|0|0|0|0|0|0|0|0|0|0|1|1|1|1|1|1|1|1|1|1|1|2|0|1|0,6|1|1,3|1|1|1|1|1|1|1|1|1|1|1|1|1|1|1|1|1|1|1|1|1|1|1|1|1|1|1|1|1|1|1|1|1|1|1|1|1|1|1|1|1|1|1|1|1|1|1|1|1|1|1|1|1|1|1|1|1|1|1|1|1|1|1|1|1|1|1|1,3|1|1|1|1|1|1|1|1|1|1|1|1|1,3|1|1,3|1|1|1|1|1|1|1|1|1|1|1|0|0|0|0|0|0|0|0|0|0|0|0|1|1|1|1|1|1|1|1|1|1|1|0|1|0,6|1|1,3|1|1,3|1,3|1,3|1,3|1,3|1,3|1,3|1,3|1,3|1,3|1,3|1,3|1,3|1,3|1,3|1,3|1,3|1,3|1,3|1,3|1,3|1,3|1,3|1,3|1,3|1,3|1,3|1,3|1,3|1,3|1|1|1|1|1|1|1|1|1|1|1|1|1|1|1|1|1|1|1|1|1|1|1|1|1|1|1|1|1|1|1|1|1|1|1|1|4,3,6|1|1|1|1|1|1|1|1|1|1|1|1|1,3|1|1,3|1|1|1|1|1|1|1|1|1|1|1|0|0|0|0|0|0|0|0|0|0|0|0,1|1|1|1|1|1|1|1|1|1|1|1|1|1|0,6|1|1,3|1|1,3|1|1|1|1|1|1|1|1|1|1|1|1|1|1|1|1|1|1|1|1|1|1|1|1|1|1|1|1|4,3,6|1|1|1|1|1|1|1|1|1|1|1|1|1|1|1|1|1|1|1|1|1|1|1|1|1|1|1|1|1|1|1|1|1|1|1|1|0,6|1|1|1|1|1|1|1|1|1|1|1|1|4,3,6|1|4,3,6|1|1|1|1|1|1|1|1|1|1|1|0|0|0|0|0|0|0|0|0|0|0|0|1|1|1|1|1|1|1|1|1|1|1|1|1|0,6|1|4,3,6|1|4,3,6|1|1|1|1|1|1|1|1|1|1|1|1|1|1|1|1|1|1|1|1|1|1|1|1|1|1|1|1|0,6|1|1|1|1|1|1|1|1|1|1|1|1|1|1|1|1|1|1|1|1|1|1|1|1|1|1|1|1|1|1|1|1|1|1|1|1|0,6|0,6|1|1|1|1|1|1|1|1|1|1|1|0,6|1|0,6|1|1|1|1|1|1|1|1|1|1|1|0|0|0|0|0|0|0|0|0|0|0|1|1|1|1|1|1|1|1|1|1|1|1|1|1|0,6|1|0|1|0|1|1|1|1|1|1|1|1|1|1|1|1|1|1|1|1|1|1|1|1|1|1|1|1|1|1|0,6|1|0,6|0,6|1|1|1|1|1|1|1|1|1|1|1|1|1|1|1|1|1|1|1|1|1|1|1|1|1|1|1|1|1|1|1|1|1|1|1|0,6|0,6|1|1|1|0,6|0,6|0,6|1|1|1|1|0,6|0,6|0,6|0|0|1|1|1|1|1|1|1|1|1|1|0|0|0|0|0|0|0|0|0|0|0|1|1|1|1|1|1|1|1|1|1|1|2|1|1|0,6|1|0|0|0|1|1|1|1|1|1|1|1|1|1|0|0|1|1|1|1|0|0|0|0|0|0|1|1|1|1|0|0|0|0|0|0|0,6|0|1|1|1|1|1|1|1|1|1|1|1|1|1|1|1|0,6|0,6|0,6|0,6|1|1|1|1|1|1|1|1|1|1|1|1|0,6|0,6|1|1|1|1|1|1|1|1|1|1|0,6|0,6|0,6|0|0|1|1|1|1|1|1|1|1|1|1|0|0|0|0|0|0|0|0|0|0|0,1|1|1|1|1|1|1|1|1|1|1|1|0|1|1|0,6|1|0|0|0|0|1|1|1|1|1|1|1|1|0|0|0|3,2,6|0,2|0|3,6|0|0|0|0|0|0|3,2,6|0|0|0,2,6|0|0|0|0|0|0|0,6|0|0|0|0|0|1|1|1|1|1|1|1|0|0|0|0|0,6|0,6|0,6|0,6|0,6|0,6|0,6|1|0,6|0,6|0,6|0,6|1|1|1|1|0,6|0,6|1|1|1|1|1|1|1|1|1|1|0,6|0,6|0,6|0|0|1|1|1|1|1|1|1|1|1|1|0|0|0|0|0|0|0|0|0|0|0|1|1|1|1|1|1|1|1|1|1|1|0|1|1|0,6|1|0|0|0|0|0|1|1|1|1|1|1|0,6|0|0|0|3,2,6|0,2|0|3,6|0|0|0|0|0|0|3,2,6|0|0|0,2,6|0|0|0|0|0|0|0,6|0,6|0,6|0,6|0,6|0,6|0,6|0,6|1|0,6|1|0|0|0|0|0|0|0,6|0,2,6|0,6|0,6|0,6|0,6|0,6|1|1|1|1|1|1|1|1|1|0,6|0,6|1|1|1|1|1|1|1|1|1|1|0|0,6|0,6|0|0|1|1|1|1|1|1|1|1|1|1|0|0|0|0|0|0|0|0|0|0|0|0|1|1|1|1|1|1|1|1,3|1|1|0|0|1|0,6|1|0|0|0|0|0|0|1|1|1|1|0,6|0,6|0|0,1|0,1|3,2,1,6|0,1|0,1|3,1,6|0,1|0,1|0,1|0,1|0,1|0,1|3,2,1,6|0,1|0,1|0,2,1,6|0,1|0,1|0|0|0|0|0|0|0|0|0|0|0,6|0,6|1|0,6|1|0|0|0|0|0|0|0,6|0,2,6|0,6|0|0|0|0|0|0|0,6|0,6|0,6|1|1|1|1|0,6|0,6|1|1|1|1|1|1|1|1|1|1|0|0,6|0,6|0|0|1|1|1|1|1|1|1|1|1|1|0|0|0|0|0|0|0|0|0|0|0|0|1|1|1|1|1|1|1|4,3,6|1|1|0,6|0|1|0,6|1|0,6|0,6|0,6|0,6|0,6|0,6|0,6|1|1|0|0,6|0,6|0|0|0|3,6|0|0|3,6|0|0|0|0|0|0|3,2,6|0|0|3,2,6|0|0|0|0|0|0|0|0|0|0|0|0|0,6|0,6|1|0,6|1|0,6|0,6|0,6|0,6|0,6|0,6|0,6|0,2,6|0,6|0|0|0|0|0|0,1|0,1,6|0,1,6|0,1,6|1|1|1|1|0,6|0,6|1|1|1|0,6|0,6|0,6|0,6|0,6|0|0|0|0,6|0,6|0|0|2|1|1|1|1|1|1|1|1|1|0|0|0|0|0|0|0|0|0|0|0|0|2,6|1|1|1|1|1|1|0,6|1|1|0,6|0|1|0,6|1|0,6|0,6|0,6|0,6|0,6|0,6|0,6|1|1|0|0,6|0,6|0|0|0|3,6|0|0,2|3,2,6|0|0|0|0|0|0|0,2,6|0|0|3,2,6|0|0|0|0|0|0|1|0|0|0|0|1|0,6|1|1|0,6|1|0,6|0,6|1|0,6|0,6|0,6|0,6|1|0,6|0|0|0|0|0|0|0,6|0,6|0,6|1|1|1|1|0,6|0,6|1|1|1|0|0|0|0|0|0|0|0|0,6|0,6|0|0|0|1|1|1|1|1|1|1|1|1|0|0|0|0|0|0|0|0|0|0|0|0|0,6|0,6|0,6|0,6|1|0,6|0,6|0,6|0,6|1|0,6|0|1|0,6|1|0,6|0,6|0,6|0,6|0,6|0,6|0,6|1|1|0,6|1|0,6|0|0|0|1|0|0,2|3,2,6|0|0|0|0|0|0|0,2,6|0|0|3,6|0|0|2|1|1|1|1|1|1|0|1|1|0,6|1|1|0,6|1|0,6|0,6|1|1|0,6|1|1|1|1|1|1|2|0|0|0|0,6|0,6|0,6|1|1|1|1|0,6|0,6|1|1|1|0,6|0,6|0,6|0,6|0,6|0,6|0,6|0,6|0,6|0,6|0,6|0,6|0,6|1|1|1|1|1|1|1|1|1|0|0|0|0|0|0|0|0|0|0|0|0|0,6|0,6|0,6|0,6|0,6|0,6|0,6|0,6|0,6|0,6|0,6|0|1|0,6|1|0|0|0|0|0|0|0,6|1|1|0,6|0,6|0,6|0|0|0|1|0|1|3,2,6|0|0|0|0|0|0|0,6|0|0|3,6|0|0|1|1|1|1|1|1|1|4,3|1|1|0|1|1|0,6|1|0|0|1|1|4,3|1|1|1|1|1|1|1|0|0|0|0,6|0,6|0,6|1|1|1|1|0,6|0,6|1|1|1|0,6|0,6|0,6|0,6|0,6|0,6|0,6|0,6|0,6|0,6|0,6|0,6|0,6|1|1|1|1|1|1|1|1|1|0|0|0|0|0|0|0|0|0|0|0|0,6|0,6|0,6|0,6|0,6|0,6|0,6|0,6|0,6|0,6|0,6|0|0|1|0,6|1|0|0|0|0|0|0|0,6|1|1|0|0|0|0|0|0|1|4,3|1|3,2,6|0|0|0|0|0|0|0,6|0|0|3,6|0|0|1|1|1|1|1|1|1|1,3|1|1|0|1|1|0,6|1|0|0|1|1|1,3|1|1|1|1|1|1|1|0,1|0|0|0,6|0,6|0,6|0,6|0,6|1|1|0,6|0,6|1|1|0|0|0|0|0|0|0|0|0|0|0|0|0|0|1|1|1|1|1|1|1|1|1|0|0|0|0|0|0|0|0|0|0|0|0,6|0,6|0,6|0,6|0,6|0,6|0,6|0,6|0,6|0,6|0,6|0|0|1|0,6|1|0|0|0|0|0|0|0,6|1|1|0|0|0|0|0|0|1|1,9,3|1|3,2,6|0|0|0|0|0|0|3,6|0|0|3,6|0|0|1|1|1|1|1|1|1|1,3|1|1|0|0|1|0,6|1|0|0|0|4,3|1,3|1|1|1|1|1|1|1|1|0|0|0|0|0|0|0,6|1|1|0|0|1|1|0|0|0|0|0|0|0|0|0|0|0|0|0|0|1|1|1|0,6|1|1|1|1|1|0|0|0|0|0|0|0|0|0|0|0|0|0,6|0,6|0,6|0,6|0,6|0,6|0,6|0,6|0,6|0,6|0|0|3,6|0,6|0,2,6|0|0|0|0|0|0|0,6|3,6|0,6|0|0|0|0|0|0|1|1|1|1|0|0|0|0|0,1|0,1|3,1,6|0,1|0,1|3,1,2,6|0,1|0,1|0,1|4,3,1|1,3|1,3|1,3|1,3|1,3|1,3|1|1|0|0|1|0,6|1|0|0|1|1|1|1|1|1|1|1|1|1|1|0|0|0|0|0|0|0,6|3,2,6|0,2,6|0|0|3,2,6|0,2,6|0|0|0|0|0|0|0|0|0|0|0|0|0|0|1|0|3,6|0,6|1|1|1|1|1|0|0|0|0|0|0|0|0|0|0|0|0|0,6|0,6|0,6|0,6|0,6|0,6|0,6|0,6|0,6|0,6|0|0|3,6|0,6|0,2,6|0|0|0|0|0|0|0,6|3,6|0,6|0|0|0|0|0|0,6|1|1|1|1|0|0|0|0|0|0|3,6|0|0|3,2,6|0|0|1|1|1|1|1|1|1|1|1|1|2|0|1|0,6|1|0|2|1|1|1|1|1|1|1|1|1|1|1|0,1|0|0|0|0|0|0,6|3,2,6|0,2,6|0|0|3,2,6|0,2,6|0|0|0|0|0|0|0|0|0|0|0|0|0|0|3,6|0|3,6|0,6|1|1|1|1|1|0|0|0|0|0|0|0|0|0|0|0|0|0,6|0,6|0,6|0,6|0,6|0,6|0,6|0|0,6|0,6|0|0|3,6|0,6|0,6|0|0|0|0|0|0|0,6|3,6|0,6|0|0|0|0|0|0,6|1|1|1|1|0|0|0|0|0|0|3,6|0|0|3,2,6|0|0|1|1|1|1|1|1|1|1|1|1|1|0|1|0,6|1|0|1|1|1|1|1|1|1|1|1|1|1|0|0|0|0|0|0|0|0,6|3,6|0,2,6|0|0|3,2,6|0,6|0|0|0|0|0|0|0|0|0|0|0|0|0,1|0,1|3,1,6|0,1|3,1,6|0,1,6|1|1|1|1|1|0|0|0|0|0|0|0|0|0|0|0|0|0|0,6|0,6|0,6|0,6|0,6|0,6|0|0,6|0,6|0|0|3,6|0,6|0,6|0|0|0|0|0|0|0,6|3,6|0,6|0|0|0|0,1|0,1|0,1,6|1|1|1|1|0|0|0|0|0|0|3,6|0|0|0,2,6|0|1|1|1|1|1|1|1|1|1|1|1|1|0|1|0,6|1|0|1|1|1|1|1|1|1|1|1|1|1|0|0|0|0|0|0|0|0|3,6|0,6|0|0|3,2,6|0,6|0|0|0|0|0|0|0|0|0|0|0|0|0|0|3,6|0|3,6|0|0,6|1|1|1|1|0|0|0|0|0|0|0|0|0|0|0|0|0|0|0|0|0,6|0|0|0|0|0,6|0|0|3,6|0,6|3,6|0|0|0|0|0|0|0,6|0,6|0,6|0|0|0|0|0|0,6|1|1|1|1|0|0|0|0|0|0|3,6|0|0|0,2,6|0|1|1|1|1|1|1|1|1|1|1|1|1|0|1|0,6|1|0|1|1|1|1|1|1|1|1|1|1|1|0|0|0|0|0|0|0|0|3,6|0,6|0|0|0,2,6|0,6|0|0|0|0|0|0|0|0|0|0|0|0|0|0|3,6|0|0,6|0|0,6|1|1|1|1|0|0|0|0|0|0|0|0|0|0|0|0|0|0|0|0|0|0|0|0|0|0|0|0,6|3,6|0,6|3,6|0|0|0|0|0|0|0,6|0,6|0,6|0|0|0|0|0|0,6|1|1|1|1|0|0|0|0|0|0|3,6|0|0|0,2,6|0,6|1|1|1|1|1|1|1|1|1|1|1|1|0|1|0,6|1|0|1|1|1|1|1|1|1|1|1|1|1|1|0|0|0|0|0|0|0|0,6|0,6|0|0|0,6|0,6|0|0|0|0|0|0|0,6|0|0|0|0|0,6|0|0|3,6|0|3,6|0|0,6|1|1|1|1|0|0|0|0|0|0|0|0|0|0|0|0|0|0|0|0|0|0|0|0|0|0|0|0,1,6|3,1,6|0,1,6|3,1,6|0,1,6|0,1,6|0,1,6|0,1,6|0,1,6|0,1,6|0,1,6|0,1,6|0,1,6|0,1|0,1|0,1|0,1|0,1|0,1,6|1|1|1|1|0,1|0,1|0,1|0|0|0|3,6|0|0|0,2,6|1|1|1|1|1|1|1|1|1|1|1|1|2|0,6|1|0,6|1|0,6|2,6|1|1|1|1|1|1|1|1|1|1|1|0,1|0|0|0|0|0|0|0,6|0,6|0|0|0,6|0,6|0|0|0|0,6|0,6|0,6|0,6|0,6|0,6|0|0,6|0,6|0|0|3,6|0,1|3,1,6|0,1|0,1,6|1|1|1|1|0|0|0|0|0|0|0|0|0|0|0|0|0|0|0|0|0|0|0|0|0|0|0|0,6|3,2,6|0,6|3,6|0,6|0,6|0,6|0,6|0,6|0,6|0,6|0,6|0,6|0|0|0|0|0|0|1|1|1|1|0|0|0|0|0|0|0,6|0|0|0,2,6|0,6|1|1|1|1|1|1|1|1|1|1|1|0|0,6|1|0,6|1|0,6|0,6|1|1|1|1|1|1|1|1|1|1|1|0|0|0|0|0|0|0|0,6|0,6|0|0|3,6|0,6|0|0|3,6|0,6|0,6|0,6|0,6|0,6|0,6|0,6|0,6|0,6|0|0|0,6|0|3,6|0|0,6|1|1|1|1|0|0|0|0|0|0|0|0|0|0|0|0|0|0|0|0|1|0|0|0|0|1|0|0,6|3,2,6|0,6|1|0,6|0,6|1|0,6|0,6|0,6|0,6|1|0,6|0|0|0|0|0|0|1|1|1|1|0|0|0|0|0|0|0,6|0|0|0,6|0,6|0|1|1|1|1|1|1|1|1|1|1|0|0,6|1|0,6|1|0,6|0,6|1|1|1|1|1|1|1|1|1|1|1|1|0,1|0|0|0|0|0|0,6|0,6|0|0|3,6|0,6|0|0|3,6|0,6|0,6|0,6|0,6|0,6|0,6|0,6|0,6|0,6|0|0|0,6|0|0,6|0|0,6|0,6|1|1|1|0|0|0|0|0|0|0|0|0|0|0|0|2|1|1|1|1|1|1|0|1|1|0|0,6|1|0,6|1|0|0|1|1|0|1|1|1|1|1|1|2|0|0|0|1|1|1|3,2,6|0|0|0|0|0|0|0,6|0|0|3,6|0,6|0|1|1|1|1|1|1|1|1|1|1|0|0,6|1|0,6|1|0|0|0|4,3|1,3|1,3|1,3|1,3|1,3|1,3|4,3,1|0,1|0,1|0,1|0,1|0,1|0,1|0|0|0|3,6|0,6|0,1|0,1|3,1,6|0,1,6|0,1|0,1|3,1,6|0,1,6|0,1,6|0,1,6|0,1,6|0,1,6|0,1,6|0,1,6|0,6|0,6|0|0|0,6|0|0,6|0|0|0,6|1|1|1|0|0|0|0|0|0|0|0|0|0|0|0|1|1|1|1|1|1|1|4,3|1|1|0|0,6|1|0,6|1|0|0|1|1|4,3|1|1|1|1|1|1|1|0|0|0|1|1|0|3,2,6|0|0|0|0|0|0|0,6|0|0|3,6|0,6|0|1|1|1|1|1|1|1|1|1|1|0,6|0,6|1|0,6|1|0|0|1|1|1|1|1|1|1|1|1|1|0|0|0|0|0|0|0|0|3,6|0,6|0|0|3,6|0,6|0|0|3,6|0,6|0,6|0,6|0,6|0,6|0,6|0,6|0,6|0,6|0|0|0,6|0|3,6|0|0|0,6|1|1|1|0|0|0|0|0|0|0|0|0|0|0|0|1|1|1|1|1|1|1|1,3|1|1|0|0,6|1|0,6|1|0|0|1|1|1,3|1|1|1|1|1|1|1|0|0|0|1|0|0|3,6|0|0|0|0|0|0|0,6|0|0|3,6|0,6|0|1|1|1|1|1|1|1|1|1|1|2,6|0|1|0,6|1|0|2|1|1|1|1|1|1|1|1|1|1|1|0,1|0|0|0|0|0|0|3,2,6|0,6|0|0|3,6|0,6|0|0|3,6|0,6|0,6|0,6|0,6|0,6|0,6|0,6|0,6|0,6|0|0|0,6|0|3,6|0|0|0,6|1|1|1|0|0|0|0|0|0|0|0|0|0|0|0|1|1|1|1|1|1|1|1|1|1|0|0,6|1|0,6|1|0|0|0|4,3|1,3|1|1|1|1|1|1|1|0|0|0|3,2,6|0|0|3,6|0|0|0|0|0|0|3,6|0|0|3,6|0,6|0|1|1|1|1|1|1|1|1|1|1|1|0|1|0,6|1|0|1|1|1|1|1|1|1|1|1|1|1|1|0|0|0|0|0|0|0|3,2,6|0,6|0|0|3,6|0,6|0|0|3,6|0,6|0,6|0,6|0,6|0,6|0,6|0,6|0,6|0,6|0,6|0|3,6|0|3,6|0|0|0,6|1|1|1|0|0|0|0|0|0|0|0|0|0|0|0,1|1|1|1|1|1|1|1|1|1|1|0|0|1|0,6|1|0|0|1|1|1|1|1|1|1|1|1|1|0|0|0|3,2,6|0|0|3,6|0|0|0|0|0|0|3,6|0|0|3,6|0,6|1|1|1|1|1|1|1|1|1|1|1|1|0|1|0,6|1|0|1|1|1|1|1|1|1|1|1|1|1|1|0,1|0|0|0|0|0|0|3,2,6|0,6|0|0|0,6|0,6|0|0|3,6|0,6|0,6|0,6|0,6|0,6|0,6|0,6|0,6|0,6|0,1,6|0,1|3,1,6|0,1|3,1,6|0,1|0,1|0,1,6|1|1|1|0|0|0|0|0|0|0|0|0|0|0|0|1|1|1|1|1|1|1|1|1|1|2|0|1|0,6|1|0|2|1|1|1|1|1|1|1|1|1|1|0|0|0|3,2,6|0|0|0,6|0|0|0|0|0|0|3,6|0|0|3,6|0|1|1|1|1|1|1|1|1|1|1|1|1|0|1|0,6|1|0|1|1|1|1|1|1|1|1|1|1|1|1|0|0|0|0|0|0|0|0,2,6|0,6|0|0|0,6|0,6|0|0|3,6|0,6|0,6|0,6|0,6|0,6|0,6|0,6|0,6|0,6|0,6|0|3,6|0|0,6|0|0|0|1|1|1|0|0|0|0|0|0|0|0|0|0|0|0|1|1|1|1|1|1|1|1|1|1|1|0|1|0,6|1|0|1|1|1|1|1|1|1|1|1|1|1|0|0|0|3,2,6|0|0|0,6|0|0|0|0|0|0|3,6|0|0|0,6|0|1|1|1|1|1|1|1|1|1|1|1|1|0|1|0,6|1|0|1|1|1|1|1|1|1|1|1|1|1|0|0|0|0|0|0|0|0|0,2,6|0,6|0|0|0,6|0,6|0|0|0,6|0,6|0,6|0,6|0,6|0,6|0,6|0,6|0,6|0,6|0,6|0|3,6|0|0,6|0|0|0|1|1|1|0|0|0|0|0|0|0|0|0|0|0|0|1|1|1|1|1|1|1|1|1|1|1|0|1|0,6|1|0|1|1|1|1|1|1|1|1|1|1|1|0|0|0|3,6|0|0|0,6|0|0|0|0|0|0|3,6|0|0|0,6|0|0|1|1|1|1|1|1|1|1|1|1|2|0|1|0,6|1|0|2|1|1|1|1|1|1|1|1|1|1|0|0|0|0|0|0|0|0|0,6|0,6|0|0|0,6|0,6|0|0|0,6|0,6|0,6|0,6|0,6|0,6|0,6|0,6|0,6|0,6|0|0|3,6|0|0,6|0|0|0|1|1|1|0|0|0|0|0|0|0|0|0|0|0|1|1|1|1|1|1|1|1|1|1|1|1|0|1|0,6|1|0|1|1|1|1|1|1|1|1|1|1|1|0|0|0|3,6|0|0|0,2,6|0|0|0|0|0|0|3,6|0|0|0,6|0|0|1|1|1|1|1|1|1|1|1|1|0|0|1|0,6|1|0|0|1|1|1|1|1|1|1|1|1|1|0|0|0|0|0|0|0|0|3,6|0,6|0|0|0,6|0,6|0|0|0,6|0,6|0,6|0,6|0,6|0,6|0,6|0,6|0,6|0,6|0|0|3,6|0|0,6|0|0|0|1|1|1|0|0|0|0|0|0|0|0|0|0|0,1|1|1|1|1|1|1|1|1|1|1|1|1|0|1|0,6|1|0,6|1|1|1|1|1|1|1|1|1|1|1|0|0|0|0,6|0|0|1|0|0|0|0|0|0|3,6|0|0|0,6|0|0|1|1|1|1|1|1|1|1|1|1|0|0|1|0,6|1|0,6|0,6|1|1|1|1|1|1|1|1|1|1|0|0|0|0|0|0|0|0|3,6|0,6|0|0|0,6|0,6|0|0|0,6|0,6|0,6|0,6|0,6|0,6|0,6|0,6|0,6|0,6|0|0|0,6|0|3,6|0|0|0|1|1|1|0|0|0|0|0|0|0|0|0|0|0|1|1|1|1|1|1|1|1|1|1|1|2,6|0|1|0,6|1|0,6|2,6|1|1|1|1|1|1|1|1|1|1|0|0|0|0,6|0|0|1|0|0|0|0|0|0|3,6|0|0|3,6|0|0|1|1|1|1|1|1|1|1|1|1|0|0|1|0,6|1|0,6|0,6|1|1|1|1|1|1|1|1|1|1|0,1|0|0|0|0|0|0|0|3,6|0,6|0|0|0,6|0,6|0|0|0,6|0,6|0,6|0,6|0,6|0,6|0,6|0,6|0,6|0,6|0|0|0,6|0|3,6|0|0|0,6|1|1|1|0|0|0|0|0|0|0|0|0|0|0|1|1|1|1|1|1|1|1|1|1|1|0,6|0|1|0,6|1|0,6|0,6|1|1|1|1|1|1|1|1|1|1|0|0|0|0,6|0|0|1|0|0|0|0|0|0|0,6|0|0|3,6|0|1|1|1|1|1|1|1|1|1|1|1|0|0|1|0,6|1|0,6|0,6|1|1|1|1|1|1|1|1|1|1|0|0|0|0|0|0|0|0|3,6|0,6|0|0|3,6|0,6|0|0|0,6|0,6|0,6|0,6|0,6|0,6|0,6|0,6|0,6|0,6|0|0|0,6|0,1|3,1,6|0,1|0,1|0,1,6|1|1|1|0|0|0|0|0|0|0|0|0|0|0|0|1|1|1|1|1|1|1|1|1|1|0,6|0|1|0,6|1|0|0|1|1|1|1|1|1|1|1|1|1|0|0|0|0,6|0|0|1|0|0|0|0|0|0|0,6|0|0|1|1|1|1|1|1|1|1|1|1|1|1|1|2|0|1|0,6|1|0|2|1|1|1|1|1|1|1|1|1|1|1|0|0|0|0|0|0|0|3,6|0,6|0|0|3,6|0,6|0|0|0,6|0,6|0,6|0,6|0,6|0,6|0,6|0,6|0,6|0,6|0|0|0,6|0|3,6|0|0|0,6|1|1|1|0|0|0|0|0|0|0|0|0|0|0|0|1|1|1|1|1|1|1|1|1|1|0|0|1|0,6|1|0|0|1|1|1|1|1|1|1|1|1|1|0|0|0|3,6|0|0|1|0|0|0|0|0|0|0,6|0|0|1|0|1|1|1|1|1|1|1|1|1|1|1|1|0|1|0,6|1|0|1|1|1|1|1|1|1|1|1|1|1|1|0,1|0|0|0|0|0|0|3,6|0,6|0|0|3,6|0,6|0|0|0,6|0,6|0,6|0,6|0,6|0,6|0,6|0,6|0,6|0,6|0|0|3,6|0|3,6|0|0|0,6|1|1|1|0|0|0|0|0|0|0|0|0|0|0|0|1|1|1|1|1|1|1|1|1|1|0|0|1|0,6|1|0|0|1|1|1|1|1|1|1|1|1|1|0|0|0|3,6|0|0|1|0|0|0|0|0|0|0,6|0|0|1|0|1|1|1|1|1|1|1|1|1|1|1|1|0|1|0,6|1|0|1|1|1|1|1|1|1|1|1|1|1|1|0|0|0|0|0|0|0|0,6|0,6|0|0|3,6|0,6|0|0|3,6|0,6|0,6|0,6|0,6|0,6|0,6|0,6|0,6|0,6|0|0|3,6|0|3,6|0|0|1|1|1|1|0|0|0|0|0|0|0|0|0|0|0|0,1|1|1|1|1|1|1|1|1|1|1|2|0|1|0,6|1|0|2|1|1|1|1|1|1|1|1|1|1|0|0|0|3,6|0|0|3,6|0|0|0|0|0|0|0,6|0|0|3,6|0|0|1|1|1|1|1|1|1|1|1|1|1|0|1|0,6|1|0|1|1|1|1|1|1|1|1|1|1|1|0|0|0|0|0|0|0|0|0,6|0,6|0|0|3,2,6|0,6|0|0|3,6|0,6|0,6|0,6|0,6|0,6|0,6|0,6|0,6|0,6|0|0|3,6|0|0,6|0|0,6|1|1|1|1|0|0|0|0|0|0|0|0|0|0|0|0,6|1|1|1|1|1|1|1|1|1|1|1|0|1|0,6|1|0|1|1|1|1|1|1|1|1|1|1|1|0|0|0|3,6|0|0|3,6|0|0|0|0|0|0|3,6|0|0|3,6|0|0|1|1|1|1|1|1|1|1|1|1|1|0|1|0,6|1|0|1|1|1|1|1|1|1|1|1|1|1|0|0|0|0|0|0|0|0|0,2,6|0,6|0|0|3,2,6|0,6|0|0|3,6|0,6|0,6|0,6|0,6|0,6|0,6|0,6|0,6|0,6|0|0|3,6|0|0,6|0|0,6|1|1|1|1|0|0|0|0|0|0|0|0|0|0|0|0,6|1|1|1|1|1|1|1|1|1|1|1|0|1|0,6|1|0|1|1|1|1|1|1|1|1|1|1|1|0|0|0|3,6|3|0|0,6|0|0|0|0|0|0|3,6|0|0|0,6|0|0|0,6|4,3,6|1,3|1,3|1,3|1,3|1,3|1,3|1|1|2|0|1|0,6|1|0|2|1|1|1|1|1|1|1|1|1|1|0|0|0|0|0|0|0|0|0,2,6|0,2,6|0|0|3,2,6|0,6|0|0|3,6|0,6|0,6|0,6|0,6|0,6|0,6|0,6|0,6|0,6|0|0|3,6|0|3,6|0|0,6|1|1|1|1|0|0|0|0|0|0|0|0|0|0|0|0,6|1|1|1|1|1|1|1|1|1|1|1|0|1|0,6|1|0|1|1|1|1|1|1|1|1|1|1|1|0|0|0|3,6|3|0|0,6|0|0|0|0|0|0|3,6|0|0|0,6|0|0|1|1|1|1|1|1|1|1,3|1|1|0|0|1|0,6|1|0|0|1|1|1|1|1|1|1|1|1|1|0|0|0|0|0|0|0|0,6|0,2,6|0,2,6|0|0|3,2,6|0,2,6|0|0|3,6|0,6|0,6|0,6|0,6|0,6|0,6|0,6|0,6|0,6|0,1|0,1|3,1,6|0,1|3,1,6|0,1|0,1,6|1|1|1|1|0|0|0|0|0|0|0|0|0|0|0|0|1|1|1|1|1|1|1|1|1|1|1|0|1|0,6|1|0|1|1|1|1|1|1|1|1|1|1|1|0|0|0,6|0,6|3|0|0,2,6|0|0|0|0|0|0|3,6|0|0|3,6|0|1|1|1|1|1|1|1|1|1,3|1|1|0|0|1|0,6|1|0|0|0|4,3|1,3|1|1|1|1|1|1|1|0|0|0|0|0|0|0|0,6|1|1|0|0|1|1|0|0|3,6|0,6|0,6|0,6|0,6|0,6|0,6|0,6|0,6|0,6|0|0|3,6|0|3,6|0|1|1|1|1|1|0|0|0|0|0|0|0|0|0|0|0|1|1|1|1|1|1|1|1|1|1|1|2|0|1|0,6|1|0|2|1|1|1|1|1|1|1|1|1|1|0|0|0,6|0,6|3,2|0|0,2,6|0|0|0|0|0|0|3,6|0|0|3,6|0|1|1|1|1|1|1|1|1|1,3|1|1|0|0|1|0,6|1|0|0|1|1|1,3|1|1|1|1|1|1|1|0|0|0|0|0|0|0|0,6|1|1|0,6|0,6|1|1|0|1|3,6|0,6|0,6|0,6|0,6|0,6|0,6|0,6|0,6|0,6|0|0|3,6|0|3,6|0,6|1|1|1|1|1|0|0|0|0|0|0|0|0|0|0|0,1|1|1|1|1|1|1|1|1|1|1|1|0|0|1|0,6|1|0,6|0,6|1|1|1|1|1|1|1|1|1|1|0|0|0,6|0,6|3,2|0|3,2,6|0|0|0|0|0|0|3,2,6|0|0|3,6|0|0|1|1|1|1|1|1|1|4,3,2,6|1|1|0,6|0|1|0,6|1|0,6|0,6|1|1|4,3,6|1|1|1|1|1|1|1|0|0|0|0|0|0|0|0,6|1|1|0,6|0,6|1|1|0|1|3,6|0,6|1|0,6|0,6|0,6|0,6|0,6|0,6|0,6|0|0|0,6|0|3,6|0,6|1|1|1|1|1|0|0|0|0|0|0|0|0|0|0|0|1|1|1|1|1|1|1|1|1|1|1|0|0|1|0,6|1|0,6|0,6|1|1|1|1|1|1|1|1|1|1|0|0|0,6|0,6|3,2|0|3,2,6|0|0|0|0|0|0|3,2,6|0|0|3,6|0|0|3,2,6|1|1|1|1|1|1|0,2,6|1|1|0,6|0|1|0,6|1|0,6|0,6|1|1|0,6|1|1|1|1|1|1|2|0|0|0|0|0|0|0|0,6|1|1|0,6|0,6|1|1|1|1|3,6|0,6|1|1|1|0,6|0,6|0,6|0,6|0,6|0|0|0,6|0|1|1|1|1|1|1|1|0|0|0|0|0|0|0|0|0|0|0|0|1|1|1|1|1|1|1|1|1|1|0|0|1|0,6|1|0,6|0,6|1|1|1|1|1|1|1|1|1|1|0|0|0,6|0,6|0,2|0|3,2,6|0|0|0|0|0|0|3,2,6|0|0|3,6|0|0|3,2,6|0,2,6|0,6|0,6|1|0,6|0,6|0,6|0,6|1|0,6|0|1|0,6|1|0,6|0,6|1|0,6|0,6|0,6|3,6|1|0,6|0|0|0|0|0|0|0|0|0|0|1|1|1|0,6|0,6|1|1|1|1|3,6|0,6|1|1|1|0,6|0,6|0,6|0,6|0,6|0,6|0|0,6|0|1|1|1|1|1|1|1|0|0|0|0|0|0|0|0|0|0|0|0|1|1|1|1|1|1|1|1|1|1|0|0|1|0,6|1|0|0|1|1|1|1|1|1|1|1|1|1|0|0|0,6|0,6|0,2|0|3,2,6|0|0|0|0|0|0|1|0|0|3,6|0|0|3,2,6|0,2,6|0,6|0,6|0,2,6|0,6|0,6|0,6|0,6|0,6|0,6|0|3,6|0,6|0,6|0|0|0|0|0|0|3,6|0,6|0,6|0|0|0|0|0|0|0|0|0|0|1|1|1|0,6|0,6|1|1|1|1|3,6|0,6|1|1|1|0,6|0,6|0,6|0,6|0,6|0,6|0|0,6|0|1|1|1|1|1|1|1|0|0|0|0|0|0|0|0|0|0|0|0|1|1|1|1|1|1|1|1|1|1|2|0|1|0,6|1|0|2|1|1|1|1|1|1|1|1|1|1|0|0|0,6|0,6|0,2|0|1|0|0|0|0|0|0|1|1|0|1|0|0|3,2,6|0,6|0,6|0,6|0,6|0,6|0,6|0,6|0,6|0,6|0|0|3,6|0,6|0,6|0|0|0|0|0|0|3,6|0,6|0,6|0|0|0|0|0|0|0|0|0|0|1|1|1|0,6|0,6|1|1|1|1|3,6|0,6|1|1|1|1|1|1|1|1|1|0|1|1|1|1|1|1|1|1|1|0|0|0|0|0|0|0|0|0|0|0|1|1|1|1|1|1|1|1|1|1|1|1|0|1|0,6|1|0|1|1|1|1|1|1|1|1|1|1|1|0|0|0,6|0,6|0|0|1|0|0|0|0|0|0|1|1|1|1|0|0|3,6|0,6|0,6|0,6|0,6|0,6|0,6|0,6|0,6|0,6|0|0|3,6|0,6|0,6|0|0|0|0|0|0|3,6|0,6|0,6|0|0|0|0|0|1|1|1|1|1|1|1|1|0,6|0,6|1|1|1|1|3,6|0,6|1|1|1|1|1|1|1|1|1|4,3|1|1|1|1|1|1|1|1|1|0|0|0|0|0|0|0|0|0|0|0,1|1|1|1|1|1|1|1|1|1|1|1|1|0|1|0,6|1|0|1|1|1|1|1|1|1|1|1|1|1|0|0|0,6|0,6|0|0|1|0|0|0|0|0|0,1|1|1|1|1|0,1|0,1|3,6|0,6|0,6|0,6|0,6|0,6|0,6|0,6|0,6|0,6|0|0|3,6|0,6|0,6|0|0|0|0|0|0|3,6|0,6|0,6|0|0|0|0|0|1|1|1|1|1|1|1|1|0,6|0,6|1|1|1|1|3,6|0,6|1|1|1|1|1|1|1|1|1|1,3|1|1|1|1|1|1|1|1|1|0|0|0|0|0|0|0|0|0|0|1|1|1|1|1|1|1|1|1|1|1|1|1|0|1|0,6|1|0|1|1|1|1|1|1|1|1|1|1|1|0|0|0|0,6|0|0|1|0|0|0|0|0|0|1|1|1|1|0|0|3,6|0,6|0,6|0,6|0,6|0,6|0,6|0,1,6|0,1,6|0,1,6|0,1|0,1|3,1,6|0,1,6|3,1,6|0,1|0,1|0,1|0,1|0|0|3,6|0,6|0,6|0|0|0|0|1|1|1|1|1|1|1|1|1|0,6|0,6|1|1|1|1|3,6|0,6|1|1|1|1|1|1|1|1|1|1,3|1|1|1|1|1|1|1|1|1|0|0|0|0|0|0|0|0|0|0|0|1|1|1|1|1|1|1|1|1|1|1|1|0|1|0,6|1|0|1|1|1|1|1|1|1|1|1|1|1|0|0|0|0,6|0|0|3,6|0|0|0|0|0|0|1|1|1|1|0|0|3,6|0,6|0,6|0,6|0,6|0,6|0,6|0|0,6|0,6|0|0|3,6|0,6|3,6|0|0|0|0|0|0|0,6|0,6|0,6|0|0|0|0|1|1|1|1|1|1|1|1|1|0,6|0,6|1|1|1|1|1|1|1|1|1|1|1|1|1|1|1|1,3|1|1|1|1|1|1|1|1|1|0|0|0|0|0|0|0|0|0|0|0|0|1|1|1|1|1|1|1|1|1|1|2,6|0|1|0,6|1|0|2|1|1|1|1|1|1|1|1|1|1|0|0|0|0,6|0,1|0,1|3,1,6|0,1|0,1|0,1|0,1|0,1|0,1|1|1|1,5,3|1|0,1|0,1|0,1|0,1,6|0,1,6|0,1,6|0,1,6|0,1,6|0,6|0|0,6|0,6|0|0|0,6|0,6|3,6|0|0|0|0|0|0|0,6|0,6|0,6|0|0|0|0|1|1|1|1|1|1|1|1|1|0,6|0,6|1|1|1|1|1|1|1|1|1|1|1|1|1|1|1|1,3|1|1|1|1|1|1|1|1|1|0|0|0|0|0|0|0|0|0|0,1|0,1|1|1|1|1|1|1|1|1|1|1|1|0,6|0|1|0,6|1|0|0|1|1|1|1|1|1|1|1|1|1|0|0|0|0,6|0|0|3,6|0|0|0|0|0|0|1|1|4,3|1|0|0|0|0|0|0|0,6|0|0|0|0|0,6|0|0|0,6|0,6|3,6|0|0|0|0|0|0|0,6|0,6|0,6|0|0|0|0|1|0,6|1|1|1|1|1|1|1|1|0,6|1|1|1|1|1|1|1|1|1|1|1|1|1|1|1|1,3|1|1|1|1|1|1|1|1|1|0|0|0|0|0|0|0|0|0|0|0|1|1|1|1|1|1|1|1|1|1|1|0,6|0,6|1|0,6|1|0|0|0|4,3|1,3|1|1|1|1|1|1|1|0|0|0,1|3,1,6|0,1|0,1|3,1,6|0,1|0|0|0|0|0|1|1|0|1|0|0|0|0|0|0|0|0|0|0|0|0|0|0|1|0,6|1|0|0|0|0|0|0|0,6|0,6|0,6|0|0|0|0|1|0,6|1|1|1|1|1|1|1|1|4,3,6|1|1|1|1|1|1|1|1|1|1|1|1|1|1|1|1,3|1|1|1|1|1|1|1|1|1|0|0|0|0|0|0|0|0|0|0|0|0,1|1|1|1|1|1|1|1|1,3|1|1|0|0,6|1|0,6|1|0,6|0,6|1|1|1,3|1|1|1|1|1|1|1|0|0|0|3,6|0|0|0,6|0|0|0|0|0|0|1|1|0|3,2,6|0|0|0|0|0|0|0|0|0|0|0|0|0|0|1|0,6|1|0,6|0,6|3,6|0,6|0,6|0,6|0,6|0,6|0,6|0,6|0,6|0,6|0,6|1|1|1|1|1|1|1|1|1|1|1,3|1|1|1|1|1|1|1|1|1|1|1|1|1|1|1|1,3|1|1|1|1|1|1|1|1|1|0|0|0|0|0|0|0|0|0|0|0|0,6|1|1|1|1|1|1|1|4,3,6|1|1|0|0,6|1|0,6|1|0,6|0,6|1|1|4,3,6|1|1|1|1|1|1|1|0|0|0|3,6|0|0|0,6|0|0|0|0|0|0|1|0|0|3,2,6|0|0|0|0|0|0|0|0|0|0|0|0|0|0|1|0,6|1|0,1,6|0,1,6|3,1,6|0,1,6|0,1,6|0,1,6|3,1,6|0,1,6|0,1,6|0,1,6|0,1,6|0,1,6|0,1,6|1|1|1|1|1|1|1|1|1|1|1,3|1,3|1,3|1,3|1,3|1,3|1,3|1,3|1,3|1,3|1,3|1,3|1,3|1,3|1,3|1,3|1,3|1|1|1|1|1|1|1|1|1|0|0|0|0|0|0|0|0|0|0|0|0,6|2,6|1|1|1|1|1|1|0,6|1|1|0|0,6|1|0,6|1|0,6|0,6|1|1|0,6|1|1|1|1|1|1|2|0|0|0|3,6|0|0|0,6|0|0|0|0|0|0|3,6|0|0|3,6|0|0|0|0|0|0|1|0|0|0|0|1|0|0|1|0,6|1|0,6|0,6|1|0,6|0,6|0,6|3,6|1|0,6|0,6|0,6|0,6|0,6|1|1|1|1|1|1|1|1|1|1|1|1|1|1|1|1|1|1|1|1|1|1|1|1|1|1|1|1|1|1|1|1|1|1|1|1|0|0|0|0|0|0|0|0|0|0|0|0|0,6|0,6|0,6|0,6|1|0,6|0,6|0,6|0,6|1|0|0|1|0,6|1|0|0|1|1|0|0|3,6|1|3,2,6|0|0|0|0|0|0|3,6|0|0|3,6|0|0|0|0|0|0,6|3,6|0|0|3,6|0|0|2|1|1|1|1|1|1|0|1|1|0|0,6|1|0,6|1|0|0|1|1|0|1|1|1|1|1|1|2|0|1|0,6|1|1|1|1|1|1|1|1|1|1|1|1|1|1|1|1|1|1|1|1|1|1|1|1|1|1|1|1|1|1|1|1|1|1|0|0|0|0|0|0|0|0|0|0|0|0|0,6|0,6|0,6|0,6|0,6|0,6|0,6|0|0,6|0,6|0|0|1|0,6|1|0|0|1|1|0|0|3,6|0,6|3,2,6|0|0|0|0|0|0|3,6|0|0,2|3,6|0|0|0|0|0|0,6|3,6|0|0|3,6|0|0|1|1|1|1|1|1|1|4,3|1|1|0|0,6|1|0,6|1|0|0|1|1|4,3|1|1|1|1|1|1|1|0|1|0,6|1|1|1|1|1|1|1|1|1|1|1|1|1|1|1|1|1|1|1|1|1|1|1|1|1|1|1|1|1|1|1|1|1|1|0|0|0|0|0|0|0|0|0|0|0|0|0|0,6|0,6|0,6|0,6|0,6|0,6|0|0,6|0,6|0|0|1|0,6|1|0|0|1|1|0|0|3,6|0,6|3,2,6|0|0|0|0|0|0|1|0|0,2|3,6|0|0|0|0|0|0,6|3,6|0|0|3,6|0|0|1|1|1|1|1|1|1|1,3|1|1|0|0,6|1|0,6|1|0|0|1|1|1,3|1|1|1|1|1|1|1|0,6|1|0,6|1|1|1|1|1|1|1|1|1|1|1|1|1|1|1|1|1|1|1|1|1|1|1|1|1|1|1|1|1|1|1|1|1|1|0|0|0|0|0|0|0|0|0|0|0|0|0|0|0|0|0,6|0|0|0|0|0,6|0|0|1|0,6|1|0|0|0|0|0|0|3,6|0,6|0,2,6|0|0|0|0|0|0|1|1|0,2|3,6|0|0|0|0|0|0,6|3,6|3|0|0,6|0|0,1|1|1|1|1|1|1|1|1,3|1|1|0|0,6|1|0,6|1|0|0|0|4,3|1,3|1|1|1|1|1|1|1|0,6|1|0,6|1|1|1|1|1|1|1|1|1|1|1|1|1|1|1|1|1|1|1|1|1|1|1|1|1|1|1|1|1|1|1|1|1|1|0|0|0|0|0|0|0|0|0|0|0|0|0|0|0|0|0|0|0|0|0|0|0|0|1|0,6|1|0|0|0|0|0|0|3,6|0,6|0,2,6|0|0|0|0|0|1|1|1|1|3,6|0|0|0|0|0|0,6|3,6|3|0|0,6|0|0|1|1|1|1|1|1|1|1,3|1|1|0|0,6|1|0,6|1|0|0|1|1|1|1|1|1|1|1|1|1|0,6|1|0,6|1|1|1|1|1|1|1|1|1|1|1|1|1|1|1|1|1|1|1|1|1|1|1|1|1|1|1|1|1|1|1|1|1|1|0|0|0|0|0|0|0|0|0|0|0|0|0|0|0|0|0|0|0|0|0|0|0|1|1|0,6|1|0|0|0|0|0|0|3,6|0,6|0,2,6|0|0|0|0|0|1|1|1|1|3,6|0|0|0|0|0|0,6|0,6|3|0|0,6|0,1|0,1|0,1,6|4,3,3,1,6|1,3|1,3|1,3|1,3|1,3|1,3|1|1|2|0|1|0,6|1|0|2|1|1|1|1|1|1|1|1|1|1|0,6|1|0,6|1|1|1|1|1|1|1|1|1|1|1|1|1|1|1|1|1|1|1|1|1|1|1|1|1|1|1|1|1|1|1|1|1|1|0|0|0|0|0|0|0|0|0|0|0|0|0|0|0|0|0|0|0|0|0|0|0|1|1|0,6|1|0|0|0|0|0|0|0,6|0,6|0,2,6|0|0|0|0|0|1|1|1|1|1|0|0|0|0|0|0,6|0,6|3|0|0,6|0|0|1|1|1|1|1|1|1|1|1|1|1|0|1|0,6|1|0|1|1|1|1|1|1|1|1|1|1|1|0,6|1|0,6|1|1|1|1|1|1|1|1|1|1|1|1|1|1|1|1|1|1|1|1|1|1|1|1|1|1|1|1|1|1|1|1|1|1|0|0|0|0|0|0|0|0|0|0|0|0|0|0|0|0|0|0|0|0|0|0|0|1|1|0,6|1|0|0|0|0|0|0|0,2,6|0,6|0,2,6|0|0|0|0|0|1|1|1|1|1|0|0|0|0|0|0,6|0,6|3|0|0,6|0|1|1|1|1|1|1|1|1|1|1|1|1|0|1|0,6|1|0|1|1|1|1|1|1|1|1|1|1|1|0,6|1|0,6|1|1|1|1|1|1|1|1|1|1|1|1|1|1|1|1|1|1|1|1|1|1|1|1|1|1|1|1|1|1|1|1|1|1|0|0|0|0|0|0|0|0|0|0|0|0|0|0|0|0|0|0|0|0|0|0|0|1|1|0,6|1|0|0|0|0|0|0|0,2,6|0,6|0,6|0|0|0|0|0|0|1|1|1|1|0|0|0|0|0|0,6|3,6|3|0|0,6|0|1|1|1|1|1|1|1|1|1|1|1|1|0|1|0,6|1|0|1|1|1|1|1|1|1|1|1|1|1|0,6|1|0,6|1|1|1|1|1|1|1|1|1|1|1|1|1|1|1|1|1|1|1|1|1|1|1|1|1|1|1|1|1|1|1|1|1|1|0|0|0|0|0|0|0|0|0|0|0|0|0|0|0|0|0|0|0|0|0|0|0|1|1|0,6|1|0,6|0,6|0,6|0,6|0,6|0,6|0,2,6|0,6|0,6|0|0|0|0|0|0|1|1|1|1|0|0|0|0|0|0,1,6|3,1,6|3,1|0,1|0,1,6|1|1|1|1|1|1|1|1|1|1|1|1|1|0|1|0,6|1|0,6|1|1|1|1|1|1|1|1|1|1|1|0,6|1|1|1|1|1|1|1|1|1|1|1|1|1|1|1|1|1|1|1|1|1|1|1|1|1|1|1|1|1|1|1|1|1|1|1|1|0|0|0|0|0|0|0|0|0|0|0|0|0|0|0|0|0|0|0|0|0|0|0,1|0,1|1|0,1,6|1|0,1,6|0,1,6|0,1,6|0,1,6|0,1,6|0,1,6|3,2,1,6|0,1,6|0,1,6|0,1|0,1|0,1|0,1|0,1|0,1|1|1|1|1|0,1|0,1|0|0|0|0|3,6|3|0|0,6|0|1|1|1|1|1|1|1|1|1|1|1|2,6|0|1|0,6|1|0,6|2,6|1|1|1|1|1|1|1|1|1|1|0,6|1|1|1|1|1|1|1|1|1|1|1|1|1|1|1|1|1|1|1|1|1|1|1|1|1|1|1|1|1|1|1|1|1|1|1|1|0|0|0|0|0|0|0|0|0|0|0|0|0|0|0|0|0|0|0|0|0|0|0|0|1|0,6|1|0,6|0,6|0,6|0,6|0,6|0,6|3,2,6|0,6|0,6|0|0|0|0|0|0|1|1|1|1|0|0|0|0|0|0|3,6|0|0|0,6|0,1|0,1|1|1|1|1|1|1|1|1|1|1|0,6|0|1|0,6|1|0,6|0,6|1|1|1|1|1|1|1|1|1|1|0,6|1|1|1|1|1|1|1|1|1|1|1|1|1|1|1|1|1|1|1|1|1|1|1|1|1|1|1|1|1|1|1|1|1|1|1|1|0|0|0|0|0|0|0|0|0|0|0|0|0|0|0|0|0|0|0|0|0|0|0|0|1|0,6|1|0|0|0|0|0|0|3,2,6|0,6|3,6|0|0|0|0|0|0|1|1|1|3,6|0|0|0|0|0|0|3,6|0|0|0,6|0|0|1|1|1|1|1|1|1|1|1|1|0,6|0|1|0,6|1|0|0|1|1|1|1|1|1|1|1|1|1|0,6|1|0,6|1|1|1|1|1|1|1|1|1|1|1|1|1|1|1|1|1|1|1|1|1|1|1|1|1|1|1|1|1|1|1|1|1|1|0|0|0|0|0|0|0|0|0|0|0|0|0|0|0|0|0|0|0|0|0|0|0|0|1|0,6|1|0|0|0|0|0|0|3,2,6|0,6|3,2,6|0|0|0|0|0|0|1|1|1|3,6|0|0|0|0|0|0|3,6|0|0|0,6|0|1|1|1|1|1|1|1|1|1|1|1|0,6|0|1|0,6|1|0|0|1|1|1|1|1|1|1|1|1|1|0,6|1|0,6|1|1|1|1|1|1|1|1|1|1|1|1|1|1|1|1|1|1|1|1|1|1|1|1|1|1|1|1|1|1|1|1|1|1|0|0|0|0|0|0|0|0|0|0|0|0|0|0|0|0|1|0|0|0|0|1|0|0|1|0,6|1|0|0|1|0|0|0|3,2,6|1|3,2,6|0|0|0|0|0|0|3,6|1|1|3,6|0|0|0|0|0|0|3,6|0|0|0,6|0,1|1|1|1|1|1|1|1|1|1|1|1|0|0|1|0,6|1|0|0|1|1|1|1|1|1|1|1|1|1|0,6|1|0,6|1|1|1|1|1|1|1|1|1|1|1|1|1|1|1|1|1|1|1|1|1|1|1|1|1|1|1|1|1|1|1|1|1|1|0|0|0|0|0|0|0|0|0|0|0|0|2|1|1|1|1|1|1|0|1|1|0|0|1|0,6|1|0|0|1|1|0|1|3,2,6|1|1|1|1|2|0|0|0|3,6|0,2|0|3,6|0|0|0|0|0|0|3,6|0|0|0,6|0|1|1|1|1|1|1|1|1|1|1|1|2|0|1|0,6|1|0|2|1|1|1|1|1|1|1|1|1|1|0|1|0,6|1|1|1|1|1|1|1|1|1|1|1|1|1|1|1|1|1|1|1|1|1|1|1|1|1|1|1|1|1|1|1|1|1|1|0|0|0|0|0|0|0|0|0|0|0|0|1|1|1|1|1|1|1|4,3|1|1|0|0|1|0,6|1|0|0|1|1|4,3|1|1|1|1|1|1|1|0,1|0|0|3,6|0,2|0|3,6|0|0|0|0|0|0|3,6|0|0|0,6|0|0|1|1|1|1|1|1|1|1|1|1|1|0|1|0,6|1|0|1|1|1|1|1|1|1|1|1|1|1|0|1|0,6|1|1|1|1|1|1|1|1|1|1|1|1|1|1|1|1|1|1|1|1|1|1|1|1|1|1|1|1|1|1|1|1|1|1|0|0|0|0|0|0|0|0|0|0|0|0|1|1|1|1|1|1|1|1,3|1|1|0|0|1|0,6|1|0|0|1|1|1,3|1|1|1|1|1|1|1|0|0|0|3,6|0|0|3,6|0|0|0|0|0|0|3,6|0|0|0,6|0|0|1|1|1|1|1|1|1|1|1|1|1|0|1|0,6|1|0|1|1|1|1|1|1|1|1|1|1|1|0|1|0,6|1|1|1|1|1|1|1|1|1|1|1|1|1|1|1|1|1|1|1|1|1|1|1|1|1|1|1|1|1|1|1|1|1|1|0|0|0|0|0|0|0|0|0|0|0|0,1|1|1|1|1|1|1|1|1|1|1|0|0|1|0,6|1|0|0|0|4,3|1,3|1|1|1|1|1|1|1|0|0|0|0,6|0|0|3,6|0|0|0|0|0|0|3,6|0|0|3,6|0|0,1|1|1|1|1|1|1|1|1|1|1|1|0|1|0,6|1|0,6|1|1|1|1|1|1|1|1|1|1|1|0|1|0,6|1|1|1|1|1|1|1|1|1|1|1|1|1|1|1|1|1|1|1|1|1|1|1|1|1|1|1|1|1|1|1|1|1|1|0|0|0|0|0|0|0|0|0|0|0|0|1|1|1|1|1|1|1|1|1|1|0|0|1|0,6|1|0|0|1|1|1|1|1|1|1|1|1|1|0,1|0|0|0,2,6|0|0|3,6|0|0|0|0|0|0|3,6|0|0|3,6|0|0|1|1|1|1|1|1|1|1|1|1|1|0|1|0,6|1|0,6|1|1|1|1|1|1|1|1|1|1|1|0|1|0,6|1|1|1|1|1|1|1|1|1|1|1|1|1|1|1|1|1|1|1|1|1|1|1|1|1|1|1|1|1|1|1|1|1|1|0|0|0|0|0|0|0|0|0|0|0|0|1|1|1|1|1|1|1|1|1|1|2|0|1|0,6|1|0|2|1|1|1|1|1|1|1|1|1|1|0,1|0,1|0|0,2,6|0|0|3,6|0|0|0|0|0|0|0,6|0|0|3,6|0|0|1|1|1|1|1|1|1|1|1|1|2|0|1|0,6|1|0,6|2|1|1|1|1|1|1|1|1|1|1|0|1|0,6|1|1|1|1|1|1|1|1|1|1|1|1|1|1|1|1|1|1|1|1|1|1|1|1|1|1|1|1|1|1|1|1|1|1|0|0|0|0|0|0|0|0|0|0|0,1|1|1|1|1|1|1|1|1|1|1|1|1|0|1|0,6|1|0,6|1|1|1|1|1|1|1|1|1|1|1|1|0|0|3,2,6|0|0|0,6|0|0|0|0|0|0|0,6|0|0|3,6|0|1|1|1|1|1|1|1|1|1|1|1|0|0|1|0,6|1|0,6|0,6|1|1|1|1|1|1|1|1|1|1|0,6|1|1|1|1|1|1|1|1|1|1|1|1|1|1|1|1|1|1|1|1|1|1|1|1|1|1|1|1|1|1|1|1|1|1|1|1|0|0|0|0|0|0|0|0|0|0|0|1|1|1|1|1|1|1|1|1|1|1|1|0|1|0,6|1|0,6|1|1|1|1|1|1|1|1|1|1|1|1|0|0|3,2,6|0|0|0,6|0|0|0|0|0|0|0,6|0|0|3,6|0|1|1|1|1|1|1|1|1|1|1|1|0|0|1|0,6|1|0,6|0,6|1|1|1|1|1|1|1|1|1|1|0,6|1|1|1|1|1|1|1|1|1|1|1|1|1|1|1|1|1|1|1|1|1|1|1|1|1|1|1|1|1|1|1|1|1|1|1|1|0|0|0|0|0|0|0|0|0|0|0|0|1|1|1|1|1|1|1|1|1|1|1|0|1|0,6|1|0,6|1|1|1|1|1|1|1|1|1|1|1|1|1|0,1|3,2,6|0|0|0,6|0|0|0|0|0|0|3,6|0|0|3,6|0|1|1|1|1|1|1|1|1|1|1|1|0|0|1|0,6|1|0,6|0,6|1|1|1|1|1|1|1|1|1|1|0,6|1|1|1|1|1|1|1|1|1|1|1|1|1|1|1|1|1|1|1|1|1|1|1|1|1|1|1|1|1|1|1|1|1|1|1|1|0|0|0|0|0|0|0|0|0|0|0|0|1|1|1|1|1|1|1|1|1|1|1|0|1|0,6|1|0|1|1|1|1|1|1|1|1|1|1|1|1|0|0|3,2,6|0|0|3,6|0|0|0|0|0|0|3,6|0|0|3,6|0|0|1|1|1|1|1|1|1|1|1|1|0|0|1|0,6|1|0,6|0|1|1|1|1|1|1|1|1|1|1|0|1|0,6|1|1|1|1|1|1|1|1|1|1|1|1|1|1|1|1|1|1|1|1|1|1|1|1|1|1|1|1|1|1|1|1|1|1|0|0|0|0|0|0|0|0|0|0|0|1|1|1|1|1|1|1|1|1|1|1|2|0|1|0,6|1|0|2|1|1|1|1|1|1|1|1|1|1|0|0|0|3,6|0|0|3,6|0|0|0|0|0|0|3,6|0|0|3,6|0|0,1|1|1|1|1|1|1|1|1|1|1|2|0|1|0,6|1|0,6|2|1|1|1|1|1|1|1|1|1|1|0|1|0,6|1|1|1|1|1|1|1|1|1|1|1|1|1|1|1|1|1|1|1|1|1|1|1|1|1|1|1|1|1|1|1|1|1|1|0|0|0|0|0|0|0|0|0|0|0,1|1|1|1|1|1|1|1|1|1|1|1|0|0|1|0,6|1|0|0|1|1|1|1|1|1|1|1|1|1|0,1|0,1|0,1|3,1,6|0,1|0,1|3,1,6|0,1|0,1|0,1|0,1|0,1|0,1|3,1,6|0,1|0,1|3,1,6|0,1|0,1|1|1|1|1|1|1|1|1|1|1|1|0|1|0,6|1|0,6|1|1|1|1|1|1|1|1|1|1|1|0|1|0,6|1|1|1|1|1|1|1|1|1|1|1|1|1|1|1|1|1|1|1|1|1|1|1|1|1|1|1|1|1|1|1|1|1|1|0|0|0|0|0|0|0|0|0|0|0|1|1|1|1|1|1|1|1|1|1|1|0|0|1|0,6|1|0|0|1|1|1|1|1|1|1|1|1|1|0|0|0|0,6|0|0|3,6|0|0|0|0|0|0|3,6|0|0|0,6|0|0|1|1|1|1|1|1|1|1|1|1|1|0|1|0,6|1|0|1|1|1|1|1|1|1|1|1|1|1|0|1|0,6|1|1|1|1|1|1|1|1|1|1|1|1|1|1|1|1|1|1|1|1|1|1|1|1|1|1|1|1|1|1|1|1|1|1|0|0|0|0|0|0|0|0|0|0|0|0|1|1|1|1|1|1|1|1|1|1|0|0|1|0,6|1|0|0|0|4,3|1,3|1,3|1,3|1,3|1,3|1,3|4,3,1|0,1|0,1|0,1|0,1|0,1,6|0,1|0,1|3,1,6|0,1|0|0|0|0|0|3,6|0|0|0,6|0,1|0,1|1|1|1|1|1|1|1|1|1|1|1|0|1|0,6|1|0|1|1|1|1|1|1|1|1|1|1|1|0|1|0,6|1|1|1|1|1|1|1|1|1|1|1|1|1|1|1|1|1|1|1|1|1|1|1|1|1|1|1|1|1|1|1|1|1|1|0|0|0|0|0|0|0|0|0|0|0|0|1|1|1|1|1|1|1|1|1|1|0|0|1|0,6|1|0|0|1|1|1|1|1|1|1|1|1|1|1|0|0|0,6|3|0|3,6|0|0|0|0|0|0|3,6|0|0|0,6|0|0|1|1|1|1|1|1|1|1|1|1|1|0|1|0,6|1|0|1|1|1|1|1|1|1|1|1|1|1|0|1|0,6|1|1|1|1|1|1|1|1|1|1|1|1|1|1|1|1|1|1|1|1|1|1|1|1|1|1|1|1|1|1|1|1|1|1|0|0|0|0|0|0|0|0|0|0|0|0,1|1|1|1|1|1|1|1|1|1|1|2,6|0|1|0,6|1|0|2|1|1|1|1|1|1|1|1|1|1|1|0,1|0|0,6|3|0|0,6|0|0|0|0|0|0|3,6|0|0|0,6|0|0,1|0,1,6|4,3,3,1,6|1,3|1,3|1,3|1,3|1,3|1,3|1|1|2,6|0|1|0,6|1|0|2|1|1|1|1|1|1|1|1|1|1|0|1|0,6|1|1|1|1|1|1|1|1|1|1|1|1|1|1|1|1|1|1|1|1|1|1|1|1|1|1|1|1|1|1|1|1|1|1|0|0|0|0|0|0|0|0|0|0|0|0|1|1|1|1|1|1|1|1|1|1|1|0|1|0,6|1|0|1|1|1|1|1|1|1|1|1|1|1|1|0|0|0,6|3|0|0,6|0|0|0|0|0|0|0,6|0|0|0,6|0|0|1|1|1|1|1|1|1|1,3|1|1|0,6|0|1|0,6|1|0|0|1|1|1|1|1|1|1|1|1|1|0|1|0,6|1|1|1|1|1|1|1|1|1|1|1|1|1|1|1|1|1|1|1|1|1|1|1|1|1|1|1|1|1|1|1|1|1|1|0|0|0|0|0|0|0|0|0|0|0|0|1|1|1|1|1|1|1|1|1|1|1|0|1|0,6|1|0|1|1|1|1|1|1|1|1|1|1|1|1|0|0|0,6|3|0|0,6|0|0|0|0|0|0|0,6|0|0|3,6|0|1|1|1|1|1|1|1|1|1,3|1|1|0,6|1|1|0,6|1|0|0|0|4,3|1,3|1|1|1|1|1|1|1|0|1|0,6|1|1|1|1|1|1|1|1|1|1|1|1|1|1|1|1|1|1|1|1|1|1|1|1|1|1|1|1|1|1|1|1|1|1|0|0|0|0|0|0|0|0|0|0|0|0|1|1|1|1|1|1|1|1|1|1|1|0|1|0,6|1|0,6|1|1|1|1|1|1|1|1|1|1|1|0|0|0|3,6|3|0|0,6|0|0|0|0|0|0|0,6|0|0|3,6|0|1|1|1|1|1|1|1|1|1,3|1|1|0,6|1|1|0,6|1|0,6|0,6|1|1|1,3|1|1|1|1|1|1|1|0,6|1|1|1|1|1|1|1|1|1|1|1|1|1|1|1|1|1|1|1|1|1|1|1|1|1|1|1|1|1|1|1|1|1|1|1|1|0|0|0|0|0|0|0|0|0|0|0|1|1|1|1|1|1|1|1|1|1|1|1|0|1|0,6|1|0,6|1|1|1|1|1|1|1|1|1|1|1|0,1|0|0|3,6|3|0|0,6|0|0|0|0|0|0|0,6|0|0|3,6|0|0|1|1|1|1|1|1|1|4,3,6|1|1|0|1|1|0,6|1|0,6|0,6|1|1|4,3,6|1|1|1|1|1|1|1|0,6|1|1|1|1|1|1|1|1|1|1|1|1|1|1|1|1|1|1|1|1|1|1|1|1|1|1|1|1|1|1|1|1|1|1|1|1|0|0|0|0|0|0|0|0|0|0|0|1|1|1|1|1|1|1|1|1|1|1|2|0|1|0,6|1|0,6|2,6|1|1|1|1|1|1|1|1|1|1|0|0|0|3,6|0|0|0,6|0|0|0|0|0|0|3,6|0|0|3,6|0|0|2,6|1|1|1|1|1|1|0,6|1|1|0|0|1|0,6|1|0,6|0,6|1|1|0,6|1|1|1|1|1|1|2,6|0,6|1|1|1|1|1|1|1|1|1|1|1|1|1|1|1|1|1|1|1|1|1|1|1|1|1|1|1|1|1|1|1|1|1|1|1|1|0|0|0|0|0|0|0|0|0|0|0,1|1|1|1|1|1|1|1|1|1|1|1|0|0,6|1|0,6|1|0|0|1|1|1|1|1|1|1|1|1|1|1|0,1|0|3,6|0|0|3,6|0|0|0|0|0|0,6|3,6|0|0|3,6|0|0|0,6|0,6|0,6|0,6|1|0,6|0,6|0,6|0,6|1|0|0|1|0,6|1|0|0|1|0|0|0|3,6|1|3,6|0|0|0|0|1|0,6|1|1|1|1|1|1|1|1|1|1|1|1|1|1|1|1|1|1|1|1|1|1|1|1|1|1|1|1|1|1|1|1|1|1|0|0|0|0|0|0|0|0|0|0|0|0|1|1|1|1|1|1|1|1|1|1|0|0,6|1|0,6|1|0|0|1|1|1|1|1|1|1|1|1|1|1|0|0|3,6|0|0|3,6|0|0|0|0|0|0,6|1|0|0|3,6|0|0|0,6|0,6|0,6|0,6|0,6|0,6|0,6|0,6|0,6|0,6|0|0|1|0,6|1|0|0|0|0|0|0|3,6|0,6|3,6|0|0|0|0|1|0,6|1|1|1|1|1|1|1|1|1|1|1|1|1|1|1|1|1|1|1|1|1|1|1|1|1|1|1|1|1|1|1|1|1|1|0|0|0|0|0|0|0|0|0|0|0|0|1|1|1|1|1|1|1|1|1|1|0|0,6|1|0,6|1|0|0|1|1|1|1|1|1|1|1|1|1|1|1|0,1|3,6|0|0|3,6|0|0|0|0|0|0,6|1|0|0|0,6|0|0|0,6|0,6|0,6|0,6|1|0,6|0,6|0|0,6|1|0|0|1|0,6|1|0|0|0|0|0|0|3,6|0,6|3,6|0|0|0|0|1|0,6|1|1|1|1|1|1|1|1|1|1|1|1|1|1|1|1|1|1|1|1|1|1|1|1|1|1|1|1|1|1|1|1|1|1|0|0|0|0|0|0|0|0|0|0|0|0|1|1|1|1|1|1|1|1|1|1|0|0,6|1|0,6|1|0|0|1|1|1|1|1|1|1|1|1|1|1|0|0|3,6|0|0|3,6|0|0|0|0|0|0,6|1|0|0|0,6|0|0|2|1|1|1|1|1|1|0|1|1|0|0,6|1|0,6|1|0|0|0|0|0|0|3,6|0,6|0,6|0|0|0|0,6|1|0,6|1|1|1|1|1|1|1|1|1|1|1|1|1|1|1|1|1|1|1|1|1|1|1|1|1|1|1|1|1|1|1|1|1|1|0|0|0|0|0|0|0|0|0|0|0|0,1|1|1|1|1|1|1|1|1|1|1|2|0,6|1|0,6|1|0|2|1|1|1|1|1|1|1|1|1|1|0|0|0,6|3,6|0|0|3,6|0|0|0|0|0|0,6|1|0|0|0,6|0|0|1|1|1|1|1|1|1|4,3|1|1|0|0,6|1|0,6|1|0|0|0|0|0|0|0,6|0,6|0,6|0|0|0|0,6|1|0,6|1|1|1|1|1|1|1|1|1|1|1|1|1|1|1|1|1|1|1|1|1|1|1|1|1|1|1|1|1|1|1|1|1|1|0|0|0|0|0|0|0|0|0|0|0|0|1|1|1|1|1|1|1|1|1|1|1|0,6|1|0,6|1|0|1|1|1|1|1|1|1|1|1|1|1|0|0|0,6|0,6|0|0|3,6|0|0|0|0|0|0,6|3,6|0|0|0,6|0|1|1|1|1|1|1|1|1|1,3|1|1|0|0,6|1|0,6|1|0|0|0|0|0|0|0,6|0,6|0,6|0|0|0|0,6|1|0,6|1|1|1|1|1|1|1|1|1|1|1|1|1|1|1|1|1|1|1|1|1|1|1|1|1|1|1|1|1|1|1|1|1|1|0|0|0|0|0|0|0|0|0|0|0|0|1|1|1|1|1|1|1|1|1|1|1|0|1|0,6|1|0|1|1|1|1|1|1|1|1|1|1|1|0,1|0|0,6|0,6|0|0|1|0|0|0|0|0|0,6|3,6|0|0|0,6|0|1|1|1|1|1|1|1|1|1,3|1|1|0|0,6|1|0,6|1|0,6|0|0|0|0|0|0,6|0,6|0,6|0|0|0|0,6|1|0,6|1|1|1|1|1|1|1|1|1|1|1|1|1|1|1|1|1|1|1|1|1|1|1|1|1|1|1|1|1|1|1|1|1|1|0|0|0|0|0|0|0|0|0|0|0|0|1|1|1|1|1|1|1|1|1|1|1|0|1|0,6|1|0|1|1|1|1|1|1|1|1|1|1|1|0|0|0,6|0,6|0|0|1|0|0|0|0|0|0,6|0,6|0|0|3,6|0|0|1|1|1|1|1|1|1|1,3|1|1|0|0,6|1|0,6|1|0,6|0|0|0|0|0|0,6|0,6|0,6|0|0|0|0,6|1|0,6|1|1|1|1|1|1|1|1|1|1|1|1|1|1|1|1|1|1|1|1|1|1|1|1|1|1|1|1|1|1|1|1|1|1|0|0|0|0|0|0|0|0|0|0|0|0|1|1|1|1|1|1|1|1|1|1|1|0|1|0,6|1|0|1|1|1|1|1|1|1|1|1|1|1|0|0|0,6|0,6|0|0|1|0|0|0|0|0|0,6|0,2,6|0|0|3,6|0|0,1|0,1|4,3,3,1|1,3|1,3|1,3|1,3|1,3|1,3|1|1|2|0|1|0,6|1|0,6|0|0|0|0|0|0,6|0,6|0,6|0|0|0|0,6|1|0,6|1|1|1|1|1|1|1|1|1|1|1|1|1|1|1|1|1|1|1|1|1|1|1|1|1|1|1|1|1|1|1|1|1|1|0|0|0|0|0|0|0|0|0|0|0|1|1|1|1|1|1|1|1|1|1|1|2|0|1|0,6|1|0,6|2,6|1|1|1|1|1|1|1|1|1|1|1|0|0,6|0,6|0|0|1|0|0|0|0|0|0,6|0,2,6|0|0|3,6|0|0|1|1|1|1|1|1|1|1|1|1|1|0|1|0,6|1|0,6|0,6|0,6|0,6|0,6|0,6|3,6|0,6|0,6|0,6|0,6|1|1|1|1|1|1|1|1|1|1|1|1|1|1|1|1|1|1|1|1|1|1|1|1|1|1|1|1|1|1|1|1|1|1|1|1|1|1|0|0|0|0|0|0|0|0|0|0|0,1|1|1|1|1|1|1|1|1|1|1|1|0|0|1|0,6|1|0,6|0,6|1|1|1|1|1|1|1|1|1|1|1|0,1|0,6|0,6|0|0|1|0|0|0|0|0|0|0,2,6|0|0|3,6|0|0|1|1|1|1|1|1|1|1|1|1|1|0|1|0,6|1|0,6|0,6|0,6|0,1,6|0,1,6|0,1,6|3,1,6|0,1,6|0,1,6|0,1,6|0,1,6|1|1|1|1|1|1|1|1|1|1|1|1|1|1|1|1|1|1|1|1|1|1|1|1|1|1|1|1|1|1|1|1|1|1|1|1|1|1|0|0|0|0|0|0|0|0|0|0|0|1|1|1|1|1|1|1|1|1|1|1|0|0|1|0,6|1|0,6|0,6|0,6|4,3,6|1,3|1|1|1|1|1|1|1|1|0|0,6|0,6|3|0|1|0|0|0|0|0|0|1|0|0,2|3,6|0|1|1|1|1|1|1|1|1|1|1|1|1|0|1|0,6|1|1|0,6|0,6|0,6|0,6|0,6|3,6|0,6|0,6|0,6|0,6|1|1|1|1|1|1|1|1|1|1|1|1|1|1|1|1|1|1|1|1|1|1|1|1|1|1|1|1|1|1|1|1|1|1|1|1|1|1|0|0|0|0|0|0|0|0|0|0|0|0|1|1|1|1|1|1|1|1,3|1|1|0|0|1|0,6|1|0|0|1|1|1,3|1|1|1|1|1|1|1|0,1|0,1|0,6|0,6|3|0|3,2,6|0|0|0|0|0|0|1|1|0,2|3,6|0,1|1|1|1|1|1|1|1|1|1|1|1|1|0|1|0,6|1|1|0|0|0|0|0|3,6|0,6|0,6|0|0|1|1|1|1|1|1|1|1|1|1|1|1|1|1|1|1|1|1|1|1|1|1|1|1|1|1|1|1|1|1|1|1|1|1|1|1|1|1|0|0|0|0|0|0|0|0|0|0|0|0|1|1|1|1|1|1|1|4,3,6|1|1|0|0|1|0,6|1|0|0|1|1|4,3|1|1|1|1|1|1|1|0|0|0,6|0,6|3|0|3,2,6|0|0|0|0|0|0|1|1|0,2|3,6|0|1|1|1|1|1|1|1|1|1|1|1|2|0|1|0,6|1|1|0|0|0|0|0|3,6|0,6|0,6|0|0|1|1|1|1|1|1|1|1|1|1|1|1|1|1|1|1|1|1|1|1|1|1|1|1|1|1|1|1|1|1|1|1|1|1|1|1|1|1|0|0|0|0|0|0|0|0|0|0|0|0|2,6|1|1|1|1|1|1|0,6|1|1|0,6|0|1|0,6|1|0|0|1|1|0|1|1|1|1|1|1|2|0|0|0|0,6|3|0|3,2,6|0|0|0|0|0|0|1|1|1|3,6|0|0|1|1|1|1|1|1|1|1|1|1|0|0|1|0,6|1|1|0,1|0,1|0,2,1|0,1|0,1|3,1,6|0,2,1,6|0,1,6|0,1|0,1|1|1|1|1|1|1|1|1|1|1|1|1|1|1|1|1|1|1|1|1|1|1|1|1|1|1|1|1|1|1|1|1|1|1|1|1|1|1|0|0|0|0|0|0|0|0|0|0|0|0|0,6|0,6|0,6|0,6|1|0,6|0,6|0,6|0,6|1|0,6|0|1|0,6|1|0|0|1|0|0|0|3,6|1|3,6|0|0|0|0|0|0|0,6|3|0|0,2,6|0|0|0|0|0|0|1|1|1|1|0|0|1|1|1|1|1|1|1|1|1|1|0|0|1|0,6|1|1|1|1|0,2|1|1|1|0,2,6|1|1|1|1|1|1|1|1|1|1|1|1|1|1|1|1|1|1|1|1|1|1|1|1|1|1|1|1|1|1|1|1|1|1|1|1|1|1|1|1|1|0|0|0|0|0|0|0|0|0|0|0|0|0,6|0,6|0,6|0,6|0,6|0,6|0,6|0,6|0,6|0,6|0,6|0|1|0,6|1|0|0|0|0|0|0|3,6|0,6|3,6|0|0|0|0|0|0|3,6|3|0|0,2,6|0|0|0|0|0|0|1|1|1|1|0|1|1|1|1|1|1|1|1|1|1|1|0|0|1|0,6|1|1|1|1|4,3,2,6|1|1|1|4,3,2,6|1|1|1|1|1|1|1|1|1|1|1|1|1|1|1|1|1|1|1|1|1|1|1|1|1|1|1|1|1|1|1|1|1|1|1|1|1|1|1|1|1|0|0|0|0|0|0|0|0|0|0|0|0|0,6|0,6|0,6|0,6|0,6|0,6|0,6|0,6|0,6|0,6|0,6|0|1|0,6|1|0|0|0|0|0|0|3,6|0,6|0,6|0|0|0|0|0|0|3,6|3|0|0,6|0|0|0|0|0|0|1|1|1|1|0|1|1|1|1|1|1|1|1|1|1|1|0|0|1|0,6|1|1|1|1|1,3|1|1|1|1,3|1|1|1|1|1|1|1|1|1|1|1|1|1|1|1|1|1|1|1|1|1|1|1|1|1|1|1|1|1|1|1|1|1|1|1|1|1|1|1|1|1|0|0|0|0|0|0|0|0|0|0|0|0|0,6|0,6|0,6|0,6|0,6|0,6|0,6|0,6|0,6|0,6|0|0|1|0,6|1|0|0|0|0|0|0|3,6|0,6|0,6|0|0|0|0|0|0|3,6|3|0|0,6|0|0|0|0|0|0|1|1|1|1|0|1|1|1|1|1|1|1|1|1|1|1|0|0|1|0,6|1|1|1|1|1,3|1|1|1|1,3|1|1|1|1|1|1|1|1|1|1|1|1|1|1|1|1|1|1|1|1|1|1|1|1|1|1|1|1|1|1|1|1|1|1|1|1|1|1|1|1|1|0|0|0|0|0|0|0|0|0|0|0|0|0,6|0,6|0,6|0,6|0,6|0,6|0,6|0,6|0,6|0,6|0|0|1|0,6|1|0|0|0|0|0|0|0,6|0,6|0,6|0|0|0|0|0|0|1|0|0|0,6|0|0|0|0|0|0,1|1|1|0,1,2|3,1,6|1|1|1|1|1|1|1|1|1|1|1|1|0|0|1|0,6|1|1|1|1|1,3|1|1|1|1,3|1|1|1|1|1|1|1|1|1|1|1|1|1|1|1|1|1|1|1|1|1|1|1|1|1|1|1|1|1|1|1|1|1|1|1|1|1|1|1|1|1|0|0|0|0|0|0|0|0|0|0|0|0|0,6|0,6|0,6|0,6|0,6|0,6|0,6|0,6|0,6|0,6|0|0|1|0,6|1|0|0|0|0|0|0|0,6|0,6|3,6|0|0|0|0|0|0|1|0|0|0,6|0|0|0|0|0|0|1|0|0,2|3,6|0|1|1|1|1|1|1|1|1|1|1|1|0|0|1|0,6|1|1|1|1|1,3|1|1|1|1,3|1|1|1|1|1|1|1|1|1|1|1|1|1|1|1|1|1|1|1|1|1|1|1|1|1|1|1|1|1|1|1|1|1|1|1|1|1|1|1|1|1|0|0|0|0|0|0|0|0|0|0|0|0|0,6|0,6|0,6|0,6|0,6|0,6|0,6|0,6|0,6|0,6|0|0|1|0,6|1|0,6|0,6|0,6|0,6|0,6|0,6|0,6|0,6|3,6|0|0|0|0|0|0|3,6|0|0|0,6|0|0|0|0|0|0|0,2,6|0|0|3,6|0|0|1|1|1|1|1|1|1|1|1|1|0|0|1|1|1|1|1|1|1,3|1|1|1|1,3|1|1|1|1|1|1|1|1|1|1|1|1|1|1|1|1|1|1|1|1|1|1|1|1|1|1|1|1|1|1|1|1|1|1|1|1|1|1|1|1|1|0|0|0|0|0|0|0|0|0|0|0|0|0,6|0,6|0,6|0,6|0,6|0,6|0,6|0|0,6|0,6|0|1|1|0,6|1|0,6|0,6|0,6|0,6|0,6|0,6|0,6|0,1,6|3,1,6|0,1|0,1|0,1|0,1|0,1|0,1|3,1,6|0,1|0,1|3,1,6|0,1|0,1|0|0|0|0|0,2,6|0|0|3,6|0|0|1|1|1|1|1|1|1|1|1|1|0|0|0,6|4,3,6|1,3|1,3|1,3|1,3|1,3|1|1|1|1,3|1|1|1|1|1|1|1|1|1|1|1|1|1|1|1|1|1|1|1|1|1|1|1|1|1|1|1|1|1|1|1|1|1|1|1|1|1|1|1|1|1|0|0|0|0|0|0|0|0|0|0|0|0|0|0,6|0,6|0,6|0,6|0,6|0,6|0|0,6|0,6|0|1|1|0,6|1|0,6|0,6|0,6|0,6|0,6|0,6|0,6|0,6|3,6|0|0|0|0|0|0|3,6|0|0|3,6|0|0|0|0|0|0|0,6|0|0|3,6|0|0,1,6|1|1|1|1|1|1|1|1|1|1|0|0|1|1|1|1|1|1|1|1|1|1|1,3|1|1|1|1|1|1|1|1|1|1|1|1|1|1|1|1|1|1|1|1|1|1|1|1|1|1|1|1|1|1|1|1|1|1|1|1|1|1|1|1|1|0|0|0|0|0|0|0|0|0|0|0|0|0|0|0|0|0,6|0|0|0|0|0,6|0|1|1|0,6|1|0|0|0|0|0|0|0,6|0,6|0,6|0|0|0|0|0|0|0,6|0|0|3,6|0|0|0|0|0|0|3,6|0|0|0,6|0|0,6|1|1|1|1|1|1|1|1|1|1|0|0|1|0,6|1|1|1|1|1|1|1|1|1,3|1|1|1|1|1|1|1|1|1|1|1|1|1|1|1|1|1|1|1|1|1|1|1|1|1|1|1|1|1|1|1|1|1|1|1|1|1|1|1|1|1|0|0|0|0|0|0|0|0|0|0|0|0|0|0|0|0|0|0|0|0|0|0|0|1|1|0,6|1|0|0|0|0|0|0|3,6|0,6|0,6|0|0|0|0|0|0|0,6|0|0|3,6|0|0|0|0|0|0|3,6|0|0|0,6|0|0,6|1|1|1|1|1|1|1|1|1|1|0,6|0|1|0,6|1|1|1|1|1|1|1|1|1,3|1|1|1|1|1|1|1|1|1|1|1|1|1|1|1|1|1|1|1|1|1|1|1|1|1|1|1|1|1|1|1|1|1|1|1|1|1|1|1|1|1|0|0|0|0|0|0|0|0|0|0|0|0|0|0|0|0|0|0|0|0|0|0|0|1|1|0,6|1|0|0|0|0|0|0|3,6|0,6|3,6|0|0|0|0|0|0|0,6|0|0|3,6|0|0|0|0|0|0|3,6|0|0|0,6|0|1|1|1|1|1|1|1|1|1|1|1|0,6|0|1|0,6|1|1|1|1|1|1|1|1|1,3|1|1|1|1|1|1|1|1|1|1|1|1|1|1|1|1|1|1|1|1|1|1|1|1|1|1|1|1|1|1|1|1|1|1|1|1|1|1|1|1|1|0|0|0|0|0|0|0|0|0|0|0|0|0|0|0|0|1|0|0|0|0|1|0|0|1|0,6|1|0|0|1|0|0|0|3,6|1|3,6|0|0|0|0|0|0,1|3,1,6|0,1|0,1|3,1,6|0,1|0,1|0,1|0,1|0,1|0,1|3,1,6|0,1|0,1|3,1,6|1|1|1|1|1|1|1|1|1|1|1|1|0,6|0|1|0,6|1|1|1|1|1|1|1|1|1,3|1|1|1|1|1|1|1|1|1|1|1|1|1|1|1|1|1|1|1|1|1|1|1|1|1|1|1|1|1|1|1|1|1|1|1|1|1|1|1|1|1|0|0|0|0|0|0|0|0|0|0|0|0|2|1|1|1|1|1|1|0|1|1|0|0|1|0,6|1|0|0|1|1|0|1|1|1|1|1|1|2|0|0|0|3,6|0|0|3,6|0|0|0|0|0|0|3,6|0|0|3,6|0|1|1|1|1|1|1|1|1|1|1|1|2,6|0|1|0,6|1|1|1|1|1|1|1|1|1,3|1|1|1|1|1|1|1|1|1|1|1|1|1|1|1|1|1|1|1|1|1|1|1|1|1|1|1|1|1|1|1|1|1|1|1|1|1|1|1|1|1|0|0|0|0|0|0|0|0|0|0|0|0|1|1|1|1|1|1|1|4,3|1|1|0|0|1|0,6|1|0|0|1|1|4,3|1|1|1|1|1|1|1|0,1|0|0|3,6|0|0|0,6|0|0|0|0|0|0|3,6|0|0|3,6|0|1|1|1|1|1|1|1|1|1|1|1|1|0|1|0,6|1|1|1|1|1|1|1|1|1,3|1|1|1|1|1|1|1|1|1|1|1|1|1|1|1|1|1|1|1|1|1|1|1|1|1|1|1|1|1|1|1|1|1|1|1|1|1|1|1|1|1|0|0|0|0|0|0|0|0|0|0|0|0|1|1|1|1|1|1|1|1,3|1|1|0|0|1|0,6|1|0|0|1|1|1,3|1|1|1|1|1|1|1|1|0|0|3,6|0|0|0,6|0|0|0|0|0|0|0,6|0|0|3,6|0|0,6|1|1|1|1|1|1|1|1|1|1|1|0|1|0,6|1|1|1|1|1|1|1|1|1,3|1|1|1|1|1|1|1|1|1|1|1|1|1|1|1|1|1|1|1|1|1|1|1|1|1|1|1|1|1|1|1|1|1|1|1|1|1|1|1|1|1|0|0|0|0|0|0|0|0|0|0|0|0,1|1|1|1|1|1|1|1|1|1|1|0|0|1|0,6|1|0|0|0|4,3|1,3|1|1|1|1|1|1|1|1|1|0,1|3,6|0|0|0,6|0|0|0|0|0|0|0,6|0|0|3,6|0|0,1,6|1|1|1|1|1|1|1|1|1|1|1|0|1|0,6|1|1|1|1|1|1|1|1|1,3|1|1|1|1|1|1|1|1|1|1|1|1|1|1|1|1|1|1|1|1|1|1|1|1|1|1|1|1|1|1|1|1|1|1|1|1|1|1|1|1|1|0|0|0|0|0|0|0|0|0|0|0|0|1|1|1|1|1|1|1|1|1|1|0|0|1|0,6|1|0|0|1|1|1|1|1|1|1|1|1|1|1|0|0|3,6|0|3|0,6|0|0|0|0|0|0|0,6|0|0|3,6|0|0,6|1|1|1|1|1|1|1|1|1|1|1|0|1|0,6|1|1|1|1|1|1|1|1|1,3|1|1|1|1|1|1|1|1|1|1|1|1|1|1|1|1|1|1|1|1|1|1|1|1|1|1|1|1|1|1|1|1|1|1|1|1|1|1|1|1|1|0|0|0|0|0|0|0|0|0|0|0|1|1|1|1|1|1|1|1|1|1|1|2|0|1|0,6|1|0,6|2,6|1|1|1|1|1|1|1|1|1|1|1|0,1|0|3,6|0|3|0,6|0|0|0|0|0|0|0,6|0|0|3,6|0|0,6|0,6|4,3,6|1,3|1,3|1,3|1,3|1,3|1,3|1|1|2|0|1|0,6|1|1|1|1|1|1|1|1|1,3|1|1|1|1|1|1|1|1|1|1|1|1|1|1|1|1,3|1,3|1,3|1,3|1,3|1,3|1,3|1,3|1,3|1,3|1,3|1,3|1,3|1,3|1,3|1,3|1|1|1|1|1|1|1|1|1|1|0|0|0|0|0|0|0|0|0|0,1|1|1|1|1|1|1|1|1|1|1|1|1|1|0|1|0,6|1|0,6|1|1|1|1|1|1|1|1|1|1|1|1|0|0|0,6|0|3|0,6|0|0|0|0|0|0|3,6|0|0|3,6|0|0|1|1|1|1|1|1|1|1,3|1|1|0|0|1|0,6|1|1|1|1|1|1|1|1|1,3|1|1|1|1|1|1|1|1|1|1|1|1|1|1|1|1,3|1|1|1|1|1|1|1|1|1|1|1|1|1|1|1,3|1|1|1|1|1|1|1|1|1|1|0|0|0|0|0|0|0|0|0|0|0,1|1|1|1|1|1|1|1|1|1|1|1|1|0|1|0,6|1|0,6|1|1|1|1|1|1|1|1|1|1|1|0|0|0|0,6|0|3|0,6|0|0|0|0|0|0|3,6|0|0|0,6|0|1|1|1|1|1|1|1|1|1,3|1|1|0|1|1|0,6|1|1|1|1|1|1|1|1|1,3|1|1|1|1|1|1|1|1|1|1|1|1|1|1|1|4,3,6|1|1|1|1|1|1|1|1|1|1|1|1|1|1|1,3|1|1|1|1|1|1|1|1|1|1|0|0|0|0|0|0|0|0|0|0|0|1|1|1|1|1|1|1|1|1|1|1|1|0|1|0,6|1|0|1|1|1|1|1|1|1|1|1|1|1|0,1|0|0|0,6|0|3|0,6|0|0|0|0|0|0|1|0|0|0,6|0|1|1|1|1|1|1|1|1|1,3|1|1|0|1|1|1|1|1|1|1|1|1|1|1|4,3,6|1|1|1|1|1|1|1|1|1|1|1|1|1|1|1|0,6|1|1|1|1|1|1|1|1|1|1|1|1|1|1|4,3|1|1|1|1|1|1|1|1|1|1|0|0|0|0|0|0|0|0|0|0|0|0|1|1|1|1|1|1|1|1|1|1|1|0|1|0,6|1|0|1|1|1|1|1|1|1|1|1|1|1|0|0|0|3,6|0|3|0,6|0|0|0|0|0|0|1|0|0|3,6|0|1|1|1|1|1|1|1|1|4,3,6|1|1|0|1|1|1|1|1|1|1|1|1|1|1|0,6|1|1|1|1|1|1|1|1|1|1|1|1|1|1|0,6|0,6|1|1|1|1|1|1|1|1|1|1|1|1|1|1|0,6|1|1|1|1|1|1|1|1|1|1|0|0|0|0|0|0|0|0|0|0|0|0,1|1|1|1|1|1|1|1|1|1|1|2|0|1|0,6|1|0|2|1|1|1|1|1|1|1|1|1|1|1|0|0|3,6|0|0|0,6|0|0|0|0|0|0|3,6|0|0|3,6|0|0,6|1|1|1|1|1|1|1|0,6|1|1|0|1|1|1|1|1|1|1|1|1|1|0,6|0,6|1|1|1|1|1|1|1|1|1|1|1|1|1|1|0,6|0,6|1|1|1|1|1|1|1|1|1|1|1|1|1|1|0,6|0|1|1|1|1|1|1|1|1|1|0|0|0|0|0|0|0|0|0|0|0|0|1|1|1|1|1|1|1|1|1|1|0|0|1|0,6|1|0|0|1|1|1|1|1|1|1|1|1|1|1|0,1|0|3,6|0|0|0,6|0|0|0|0|0|0|3,6|0|0|3,6|0|0,6|0,6|0,6|0,6|0,6|1|0,6|0,6|0,6|0,6|1|0|1|1|1|1|1|1|1|1|1|1|0,6|0,6|1|1|1|1|1|1|1|1|1|1|1|1|1|1|0,6|0,6|1|1|1|1|1|1|1|1|1|1|1|1|1|1|0,6|0|1|1|1|1|1|1|1|1|1|0|0|0|0|0|0|0|0|0|0|0|1|1|1|1|1|1|1|1|1|1|1|0|0|1|0,6|1|0|0|0|4,3|1,3|1,3|1,3|1,3|1,3|1,3|1,3|4,3,1|0,1|0,1|0,1|3,1,6|0,1|0,1|0,1,6|0,1|0,1|0,1|0,1|0|0|0,6|0|0|3,6|0|0,6|0,6|0,6|0,6|0,6|0,6|0,6|0,6|0,6|0,6|0,6|0|0,6|1|1|1|0|0|0|0|0|0|0,6|0,6|1|1|1|1|1|1|1|1|1|1|1|1|1|1|0,6|0,6|1|1|1|1|1|1|1|0,6|0,6|0,6|0,6|0,6|0,6|0,6|0,6|0|3,6|0|3,6|0,6|1|1|1|1|1|0|0|0|0|0|0|0|0|0|0|0|1|1|1|1|1|1|1|1|1|1|1|0|0|1|0,6|1|0|0|1|1|1|1|1|1|1|1|1|1|1|1|0,1|3,6|3|0|0,6|0|0|0|0|0|0,6|0,6|0|0|3,6|0|0|0,6|0,6|0,6|0,6|0,6|0,6|0,6|0,6|0,6|0,6|0|0,6|1|0,6|1|0|0|0|0|0|0|0,6|0,6|0,6|0|0|1|1|1|1|1|1|1|1|1|1|1|0,6|0,6|1|1|1|1|1|1|1|0,6|0,6|0,6|0,6|0,6|0,6|0,6|0|0|3,6|0|3,6|0,6|0,6|1|1|1|1|0|0|0|0|0|0|0|0|0|0|0,1|1|1|1|1|1|1|1|1|1|1|1|0|0|1|0,6|1|0|0|1|1|1|1|1|1|1|1|1|1|1|0|0|3,6|3|0|0,6|0|0|0|0|0|0,6|0,6|0|0|3,6|0|0|0,6|0,6|0,6|0,6|1|0,6|0,6|0,6|0,6|1|0|0,6|0,6|0,6|1|0|0|1|0|0|0|0,6|1|0,6|0|0|0|0|0|0|0|0|1|1|1|1|1|0,6|0,6|1|1|1|1|1|1|1|0,6|0,6|0,6|0,6|0,6|0,6|0,6|0,1|0,1|3,1,6|0,1|3,1,6|0,1,6|0,1,6|1|1|1|1|0|0|0|0|0|0|0|0|0|0|0|1|1|1|1|1|1|1|1|1|1|1|2|0|1|0,6|1|0|2|1|1|1|1|1|1|1|1|1|1|0|0|0|3,6|3|0|3,6|0|0|0|0|0|0,6|0,6|0|0|3,6|0|0|2,6|1|1|1|1|1|1|0,6|1|1|0|0,6|0,6|0,6|1|0|0|1|1|0|1|1|1|1|1|1|2|0|0|0|0|0|1|1|1|1|1|0,6|0,6|1|1|1|1|1|0,6|0,6|0,6|0,6|0,6|0,6|0,6|0,6|0,6|0|0|3,6|0|3,6|0,6|0,6|1|1|1|1|0|0|0|0|0|0|0|0|0|0|0|0|1|1|1|1|1|1|1|1|1|1|1|0|1|0,6|1|0|1|1|1|1|1|1|1|1|1|1|1|0|0|0|3,6|3|0|3,6|0|0|0|0|0|0,6|3,6|0|0|3,6|0|0|1|1|1|1|1|1|1|4,3,6|1|1|0|0|0,6|0,6|1|0|0|1|1|0|1|1|1|1|1|1|1|0|0|0|0|0|1|1|1|1|1|0,6|0,6|1|1|1|1|1|0,6|0,6|0,6|0,6|0,6|0,6|0,6|0,6|0,6|0|0|3,6|0|0,6|0,6|0,6|1|1|1|1|0|0|0|0|0|0|0|0|0|0|0|0,1|1|1|1|1|1|1|1|1|1|1|1|0|1|0,6|1|0,6|1|1|1|1|1|1|1|1|1|1|1|0,1|0|0|0,6|3|0|3,6|0|0|0|0|0|0,1,6|3,1,6|0,1|0,1|3,1,6|0,1|1|1|1|1|1|1|1|1|1,3|1|1|0,6|0|0,6|0,6|1|0,6|0,6|1|1|1|1|1|1|1|1|1|1|0|0|0|0|0|1|1|1|1|1|0,6|0,6|1|1|1|1|1|0,6|0,6|0,6|0,6|0,6|0,6|0,6|0,6|0,6|0|0|3,6|0|0,6|0|0,6|1|1|1|1|0|0|0|0|0|0|0|0|0|0|0|0|1|1|1|1|1|1|1|1|1|1|1|0|1|0,6|1|0,6|1|1|1|1|1|1|1|1|1|1|1|0|0|0|0,6|3|0|3,6|0|0|0|0|0|0,6|3,6|0|0|3,6|0|1|1|1|1|1|1|1|1|1,3|1|1|0,6|0|0,6|0,6|0,6|0,6|0,6|1|1|1|1|1|1|1|1|1|1|0,1|0|0|0|0|1|1|1|1|1|0,6|0,6|1|1|1|0|3,6|0,6|0,6|0,6|0,6|0,6|0,6|0,6|0,6|0,6|0|0|0,6|0|0,6|0|0,6|0,6|1|1|1|0|0|0|0|0|0|0|0|0|0|0,1|0,1|1|1|1|1|1|1|1|1|1|1|1|0|1|0,6|1|0,6|1|1|1|1|1|1|1|1|1|1|1|1|0|0|0,6|0|0|3,6|0|0|0|0|0|0,6|3,6|0|0|0,6|0|0|1|1|1|1|1|1|1|1,3|1|1|0,6|0|0,6|0,6|0,6|0,6|0,6|1|1|1|1|1|1|1|1|1|1|0|0|0|0|0|0|0|0,6|1|1|0,6|0,6|1|1|1|0|3,6|0,6|0,6|0,6|0,6|0,6|0,6|0,6|0,6|3,6|0|0|0,6|0|0,6|0|0,6|0,6|1|1|1|0|0|0|0|0|0|0|0|0|0|0|0|1|1|1|1|1|1|1|1|1|1|2|0|1|0,6|1|0|2|1|1|1|1|1|1|1|1|1|1|1|0,1|0|3,6|0|0|3,6|0|0|0|0|0|0|3,6|0|0|0,6|0|0,1|0,1,6|4,3,1,6|1,3|1,3|1,3|1,3|1,3|1,3|1|1|2,6|0|1|0,6|0,6|0|2|1|1|1|1|1|1|1|1|1|1|1|0|0|0|0|0|0|0,6|1|1|0,6|0,6|1|1|1|0|3,6|0,6|0,6|0,6|0,6|0,6|0,6|0,6|0,6|3,6|0|0|0,6|0|0,6|0,1|0,1,6|0,1,6|1|1|1|0|0|0|0|0|0|0|0|0|0|0|0|1|1|1|1|1|1|1|1|1|1|0|0|1|0,6|1|0|0|1|1|1|1|1|1|1|1|1|1|1|0|0|3,6|0|0|0,6|0|0|0|0|0|0|3,6|0|0|0,6|0|0|1|1|1|1|1|1|1|1|1|1|1|0|1|0,6|0,6|0|1|1|1|1|1|1|1|1|1|1|1|1|1|0,1|0|0|0|0|0|3,2,6|3,2,6|0|0|3,2,6|0,2,6|0|0|3,6|0,6|0,6|0,6|0,6|0,6|0,6|0,6|0,6|3,6|0|0|0,6|0|0,6|0|0,6|0,6|1|1|1|0|0|0|0|0|0|0|0|0|0|0|1|1|1|1|1|1|1|1|1|1|1|0|0|1|0,6|1|0|0|1|1|1|1|1|1|1|1|1|1|1|0|0|3,6|0|0|0,6|0|0|0|0|0|0|3,6|0|0|0,6|0|0,1|1|1|1|1|1|1|1|1|1|1|1|0|1|0,6|1|0|1|1|1|1|1|1|1|1|1|1|1|1|0|0|0|0|0|0|0|3,2,6|3,2,6|0,1|0,1|3,2,1,6|0,2,1,6|0,1|0,1|3,1,6|0,1,6|0,6|0,6|0,6|0,6|0,6|0,6|0,6|3,6|0|0|3,6|0|0,6|0|0|0,6|1|1|1|0|0|0|0|0|0|0|0|0|0|0|1|1|1|1|1|1|1|1|1|1|1|0|0|1|0,6|1|0|0|1|1|1|1|1|1|1|1|1|1|0|0|0|3,6|0|0|0,6|0|0|0|0|0|0|3,6|0|0|3,6|0|0|1|1|1|1|1|1|1|1|1|1|1|0|1|1|1|0|1|1|1|1|1|1|1|1|1|1|1|1|0|0|0|0|0|0|0|3,6|3,2,6|0|0|3,2,6|0,6|0|0|3,6|0,6|0,6|0,6|0,6|0,6|0,6|0,6|0,6|3,6|0|0|3,6|0|0,6|0|0|0,6|1|1|1|0|0|0|0|0|0|0|0|0|0,1|1|1|1|1|1|1|1|1|1|1|1|1|0|0|1|0,6|1|0|0|1|1|1|1|1|1|1|1|1|1|0,1|0|0|3,6|0|0|3,6|0|0|0|0|0|0|3,6|0|0|3,6|0|1|1|1|1|1|1|1|1|1|1|1|1|0|1|1|1|0|1|1|1|1|1|1|1|1|1|1|1|0|0|0|0|0|0|0|0|3,6|0,2,6|0|0|3,6|0,6|0|0|0,6|0,6|0,6|0,6|0,6|0,6|0,6|0,6|0,6|3,6|0|0|3,6|0|0,6|0|0|0,6|1|1|1|0|0|0|0|0|0|0|0|0|0|0|1|1|1|1|1|1|1|1|1|1|1|2|0|1|0,6|1|0|2|1|1|1|1|1|1|1|1|1|1|0|0|0|0,6|0|0|3,6|0|0|0|0|0|0|0,6|0|0|3,1,6|1|1|1|1|1|1|1|1|1|1|1|1|2|0|1|1|1|0|2|1|1|1|1|1|1|1|1|1|1|0|0|0|0|0|0|0|0|0,6|0,6|0|0|3,6|0,6|0|0|0,6|0,6|0,6|0,6|0,6|0,6|0,6|0,6|0,6|3,6|0|0|3,6|0|0,6|0|0|0,6|1|1|1|0|0|0|0|0|0|0|0|0|0|0|0|1|1|1|1|1|1|1|1|1|1|1|0|1|0,6|1|0|1|1|1|1|1|1|1|1|1|1|1|0|0|0|0,6|0|0|1|0|0|0|0|0|0|0,6|0|0|3,6|0|1|1|1|1|1|1|1|1|1|1|1|0|0|1|1|1|0|0|1|1|1|1|1|1|1|1|1|1|0,1|0,1|0|0|0|0|0|0|0,6|0,6|0|0|0,6|0,6|0,6|0|0,6|0,6|0,6|0,6|0,6|0,6|0,6|0,1,6|0,1,6|3,1,6|0,1|0,1|3,1,6|0,1|0,1,6|0,1|0,1|0,1,6|0,1,6|1|1|0|0|0|0|0|0|0|0|0|0|0|0|1|1|1|1|1|1|1|1|1|1|1|0|1|0,6|1|0|1|1|1|1|1|1|1|1|1|1|1|0,1|0|0|0,6|0|0|1|0|0|0|0|0|0|0,6|0|0|1|0,1|1|1|1|1|1|1|1|1|1|1|1|0|0|1|0,6|1|0|0|1|1|1|1|1|1|1|1|1|1|0|0|0|0|0|0|0|0|0,6|0,6|0|0|0,6|0,6|0,6|0|0,6|0,6|0,6|0,6|0,6|0,6|0,6|0,6|0,6|3,6|0|0|3,6|0|0,6|0|0|0,6|0,6|1|1|0|0|0|0|0|0|0|0|0|0|0|0,1|1|1|1|1|1|1|1|1|1|1|1|0|1|0,6|1|0|1|1|1|1|1|1|1|1|1|1|1|0|0|0|3,6|0|0|3,6|0|0|0|0|0|0|3,6|0|0|1|0|1|1|1|1|1|1|1|1|1|1|1|0|0|1|0,6|1|0|0|1|1|1|1|1|1|1|1|1|1|1|0|0|0|0|0|0|0|0,6|0,6|0|0|0,6|0,6|0,6|0|0,6|0,6|0,6|0,6|0,6|0,6|0,6|0,6|0,6|0,6|0|0|3,6|0|3,6|0|0|0|0,6|1|1|0|0|0|0|0|0|0|0|0|0|0|0|1|1|1|1|1|1|1|1|1|1|1|0|1|0,6|1|0,6|1|1|1|1|1|1|1|1|1|1|1|1|0,1|0,1|3,1,6|0,1|0,1|3,1,6|0,1,6|0,1|0,1|0,1|0,1|0,1|3,1,6|0,1|0,1|3,1,6|0|0|1|1|1|1|1|1|1|1|1|1|0|0|1|0,6|1|0,6|0,6|1|1|1|1|1|1|1|1|1|1|1|0|0|0|0|0|0|0|3,6|0,6|0|0|0,6|0,6|0,6|0|0,6|0,6|0,6|0,6|0,6|0,6|0,6|0,6|0,6|0,6|0,6|0|0,6|0|3,6|0|0|0|0,6|1|1|0|0|0|0|0|0|0|0|0|0|0|0|1|1|1|1|1|1|1|1|1|1|2|0|1|0,6|1|0,6|2,6|1|1|1|1|1|1|1|1|1|1|1|1|0,1|3,1,6|0|0|0,6|0,6|0|0|0|0|0|3,6|0|0|3,6|0|0,1|1|1|1|1|1|1|1|1|1|1|2|0|1|0,6|1|0,6|2,6|1|1|1|1|1|1|1|1|1|1|1|1|0,1|0|0|0|0|0|3,6|0,6|0|0|0,6|3,6|0,6|0|0,6|0,6|0,6|0,6|0,6|0,6|0,6|0,6|0,6|0,6|0,6|0|0,6|0|3,6|0|0|0|0,6|1|1|0|0|0|0|0|0|0|0|0|0|0|0|1|1|1|1|1|1|1|1|1|1|0|0|1|0,6|1|0,6|0,6|1|1|1|1|1|1|1|1|1|1|1|0|0|3,6|0|0|0,6|0,6|0|0|0|0|0|3,6|0|0|3,6|0|0|1|1|1|1|1|1|1|1|1|1|1|0|1|0,6|1|0,6|1|1|1|1|1|1|1|1|1|1|1|1|1|0|0|0|0|0|0|3,2,6|0,6|0|0|0,6|3,6|0,6|0|0,6|0,6|0,6|0,6|0,6|0,6|0,6|0,6|0,6|0,6|0,6|0|0,6|0,1|3,1,6|0,1|0,1|0,1|0,1,6|1|1|0|0|0|0|0|0|0|0|0|0|0|0|1|1|1|1|1|1|1|1|1|1|0|0|1|0,6|1|0|0|0|4,3|1,3|1|1|1|1|1|1|1|1|0,1|0|3,6|0|0|0,6|0,6|0|0|0|0|0|3,6|0|0|3,6|0|1|1|1|1|1|1|1|1|1|1|1|1|0|1|0,6|1|0|1|1|1|1|1|1|1|1|1|1|1|1|0|0|0|0|0|0|0|3,2,6|0,6|0|0|3,6|3,6|0,6|0|3,6|0,6|0,6|0,6|0,6|0,6|0,6|0,6|0,6|0,6|0,6|0|0,6|0|3,6|0|0|0|0,6|1|1|0|0|0|0|0|0|0|0|0|0|0|0|1|1|1|1|1|1|1|1,3|1|1|0|0|1|0,6|1|0|0|1|1|1,3|1|1|1|1|1|1|1|0|0|0|3,6|3|0|0,6|0,6|0|0|0|0|0|3,6|0|0|0,6|0,1|1|1|1|1|1|1|1|1|1|1|1|1|0|1|0,6|1|0|1|1|1|1|1|1|1|1|1|1|1|0|0|0|0|0|0|0|0|3,2,6|0,6|0|0|3,6|3,2,6|0|0|3,6|0,6|0,6|0,6|0,6|0,6|0,6|0,6|0,6|0,6|0|0|0,6|0|3,6|0|0|0|0,6|1|1|0|0|0|0|0|0|0|0|0|0|0|0|1|1|1|1|1|1|1|4,3|1|1|0|0|1|0,6|1|0|0|1|1|4,3|1|1|1|1|1|1|1|0,1|0|0|0,6|3|0|0,6|0,6|0|0|0|0|0|3,6|0|0|0,6|0|1|1|1|1|1|1|1|1|1|1|1|1|0|1|0,6|1|0|1|1|1|1|1|1|1|1|1|1|1|0|0|0|0|0|0|0|0|0,2,6|0,6|0|0,1|3,1,6|3,2,1,6|0,1|0,1|3,1,6|0,1,6|0,1,6|0,1,6|0,1,6|0,1,6|0,1,6|0,1,6|0,6|0,6|0|0|3,6|0|3,6|0|0|0|1|1|1|0|0|0|0|0|0|0|0|0|0|0|0|2|1|1|1|1|1|1|0|1|1|0|0|1|0,6|1|0|0|1|1|0|1|1|1|1|1|1|2|0|0|0|0,6|3|0|0,6|0,6|0|0|0|0|0|3,6|0|0,1|0,1,6|1|1|1|1|1|1|1|1|1|1|1|1|2|0|1|0,6|1|0|2|1|1|1|1|1|1|1|1|1|1|0,1|0,1|0,1|0|0|0|0|0|0,6|0,6|0|0|3,6|0,2,6|0|0|3,6|0,6|0,6|0,6|0,6|0,6|0,6|0,6|0,6|0,6|0|0|3,6|0|3,6|0|0|0,6|1|1|1|0|0|0|0|0|0|0|0|0|0|0|0|0|0|0|0|1|0|0|0|0|1|0|0|1|0,6|1|0|0|1|0|0|0|3,6|1|3,6|0,6|0|0|0|0|0|0,6|3|0|0,6|0|0|0|0|0|0|0,6|0|0|3,6|0|1|1|1|1|1|1|1|1|1|1|1|0|0,6|1|0,6|1|0|0|1|1|1|1|1|1|1|1|1|1|0|0|0|0|0|0|0|0|0,6|0,6|0|0|3,6|0,2,6|0|0|3,6|0,6|0,6|0,6|0,6|0,6|0,6|0,6|0,6|0,1,6|0,1|0,1|3,1,6|0,1|0,1,6|0,1|0,1|0,1,6|1|1|1|0|0|0|0|0|0|0|0|0|0|0|0|0|0|0|0|0|0|0|0|0|0|0|0|1|0,6|1|0|0|0|0|0|0|3,6|0,6|3,6|0,6|0|0|0|0|0|0,6|3|0|3,6|0|0|0|0|0|0|0,6|0|0|3,6|0|0|1|1|1|1|1|1|1|1|1|1|0|0,6|1|0,6|1|0|0|0|4,3|1,3|1,3|1,3|1,3|1,3|1,3|4,3,1|0,1|0,1|0,1|0,1|0,1|0,1|0,1|0|0|0,6|0,6|0|0|3,6|0,6|0|0|3,6|0,6|0,6|0,6|0,6|0,6|0,6|0|0,6|0,6|0|0|3,6|0|0,6|0|0|0,6|1|1|1|0|0|0|0|0|0|0|0|0|0|0|0|0|0|0|0|0|0|0|0|0|0|0|0|1|0,6|1|0|0|0|0|0|0|3,6|0,6|3,6|0,6|0|0|0|0|0|0,6|3|0|3,6|0|0|0|0|0|0|0,6|0|0|3,6|0|0,1|1|1|1|1|1|1|1|1|1|1|0|0,6|1|0,6|1|0|0|1|1|1|1|1|1|1|1|1|1|0,1|0|0|0|0|0|0|0|0,6|0,6|0|0|0,6|0,6|0|0|0|0,6|0,6|0,6|0,6|0,6|0,6|0|0,6|0,6|0|0|3,6|0|0,6|0|0|0,6|1|1|1|0|0|0|0|0|0|0|0|0|0|0|0|0|0|0|0|0,6|0|0|0|0|0,6|0|0|1|0,6|1|0|0|0|0|0|0|3,6|0,6|0,6|0,6|0|0|0|0|0|0,6|0|0|3,6|0|0|0|0|0|0|3,6|0|0|3,6|0|0|1|1|1|1|1|1|1|1|1|1|0|0,6|1|0,6|1|0|0|1|1|1|1|1|1|1|1|1|1|0|0|0|0|0|0|0|0|3,6|0,6|0|0|0,6|0,6|0|0|0|0|0|0|0,6|0|0|0|0|0,6|0|0|3,6|0|0,6|0|0|0,6|1|1|1|0|0|0|0|0|0|0|0|0|0|0|0|0|0,6|0,6|0,6|0,6|0,6|0,6|0|0,6|0,6|0|0|1|0,6|1|0|0|0|0|0|0|3,6|0,6|0,6|0,6|0|0|0|0|0|0,6|0|0|1|0|0|0|0|0|0|3,6|0|0|3,6|0|1|1|1|1|1|1|1|1|1|1|1|2|0|1|0,6|1|0|2|1|1|1|1|1|1|1|1|1|1|1|0|0|0|0|0|0|0|3,2,6|0,6|0|0|0,6|0,6|0|0|0|0|0|0|0|0|0|0|0|0|0|0|0,6|0|0,6|0|0|0,6|1|1|1|0|0|0|0|0|0|0|0|0|0|0|0|0,6|0,6|0,6|0,6|0,6|0,6|0,6|0|0,6|0,6|0|0,6|3,2,6|0,6|0,2,6|0,6|0,6|3,6|0,6|0,6|0,6|0,6|0,6|0,6|0,6|0|0|0|0|0|0,6|0|0|1|0|0|0|0|0|0|3,6|0|0|0,6|0,1|1|1|1|1|1|1|1|1|1|1|1|1|0|1|0,6|1|0,6|1|1|1|1|1|1|1|1|1|1|1|1|1|0,1|0|0|0|0|0|3,2,6|0,6|0|0|0,2,6|0,6|0|0|0|0|0|0|0|0|0|0|0|0|0|0|0,6|0|0,6|0|0|0,6|1|1|1|0|0|0|0|0|0|0|0|0|0|0|0|0,6|0,6|0,6|0,6|0,6|0,6|0,6|0,6|0,6|0,6|0,1|0,1,6|3,2,1,6|0,1,6|0,2,1,6|0,1,6|0,1,6|3,1,6|0,1,6|0,1,6|0,1,6|0,1,6|0,1,6|0,6|0,6|0|0|0|0|0|3,6|0|0|1|0|0|0|0|0|0|3,6|0|0|0,6|0|1|1|1|1|1|1|1|1|1|1|1|1|0|1|0,6|1|0,6|1|1|1|1|1|1|1|1|1|1|1|1|0|0|0|0|0|0|0|3,2,6|0,2,6|0|0|3,2,6|0,2,6|0|0|0|0|0|0|0|0|0|0|0|0|0|0|0,6|0|0,6|0,1|0,1|1|1|1|1|0|0|0|0|0|0|0|0|0|0|0|0|0,6|0,6|0,6|0,6|0,6|0,6|0,6|0,6|0,6|0,6|0|0,6|3,6|0,6|0,6|0,6|0,6|3,6|0,6|0,6|0,6|0,6|0,6|0,6|0,6|0|0,1|0,1|0,1|0,1|3,1,6|0,1|0,1|3,1,6|0,1|0,1|0,1|0,1|0|0|3,6|0|0|0,6|0|0|1|1|1|1|1|1|1|1|1|1|1|0|1|0,6|1|0,6|1|1|1|1|1|1|1|1|1|1|1|1|0|0|0|0|0|0|0,6|3,2,6|0,2,6|0|0|3,2,6|0,2,6|0|0|0|0|0|0|0|0|0|0|0|0|0|0|0,6|0|0,6|0|0|1|1|1|1|0|0|0|0|0|0|0|0|0|0|0|0|0,6|0,6|0,6|0,6|0,6|0,6|0,6|0,6|0,6|0,6|0|0,6|3,6|0,6|0,6|0|0|0|0|0|0|0,6|0,6|0,6|0|0|0|0|0|0|3,6|0|0|3,6|0|0|0|0|0|0|3,6|0|0|3,6|0|0,1|1|1|1|1|1|1|1|1|1|1|1|0|1|0,6|1|0|1|1|1|1|1|1|1|1|1|1|1|1|1|0|0|0|0|0|0,6|3,2,6|0,2,6|0|0|3,2,6|0,2,6|0|0|0|0|0|0|0|0|0|0|0|0|0|0|0,6|0|3,6|0|0|1|1|1|1|0|0|0|0|0|0|0|0|0|0|0|0|0,6|0,6|0,6|0,6|0,6|0,6|0,6|0,6|0,6|0,6|0|0,6|0,6|0,6|3,6|0|0|0|0|0|0|0,6|0,6|0,6|0|0|0|0|0|0|3,6|0|0|3,6|0|0|0|0|0|0|3,6|0|0|3,6|0|1|1|1|1|1|1|1|1|1|1|1|2|0|1|0,6|1|0|2|1|1|1|1|1|1|1|1|1|1|1|1|0,1|0|0|0|0|0,6|1|1|0,6|0,6|1|1|0,6|0,6|0,6|0|0|0|0|0|0|0|0|0|0|0|0,6|0|3,6|0|0,6|1|1|1|1|0|0|0|0|0|0|0|0|0|0|0|0|0,6|0,6|0,6|0,6|0,6|0,6|0,6|0,6|0,6|0,6|0,6|0,6|0,6|0,6|3,6|0|0|0|0|0|0|0,6|0,6|3,6|0|0|0|0|0|0|3,6|0|0|0,6|0|0|0|0|0|0|3,6|0,1|0,1|3,1,6|0,1|1|1|1|1|1|1|1|1|1|1|1|0|0|1|0,6|1|0|0|1|1|1|1|1|1|1|1|1|1|1|0|0|0|0|0|0|0,6|1|1|0,6|0,6|1|1|1|1|1|1|1|0|0|0|0|0|0|0|0|0|3,6|0|3,6|0|0,6|1|1|1|1|0|0|0|0|0|0|0|0|0|0|0|0|0,6|0,6|0,6|0,6|0,6|0,6|0,6|0,6|0,6|0,6|0,6|0,6|0,2,6|0,6|3,2,6|0|0|0|0|0|0|0,6|0,6|3,6|0|0|0|0|0|0|3,6|0|0|0,6|0|0|0|0|0|0|0,6|0|0|3,6|0|1|1|1|1|1|1|1|1|1|1|1|0|1|1|0,6|1|0|0|1|1|1|1|1|1|1|1|1|1|0|0|0|0|0|0|1|1|1|1|0,6|0,6|1|1|1|1|1|1|1|0|0|0|0|0|0|0|0|0|3,6|0|3,6|0|0,6|1|1|1|1|0|0|0|0|0|0|0|0|0|0|0|0|0,6|0,6|0,6|0,6|0,6|0,6|0,6|0,6|0,6|0,6|0,6|0|3,2,6|0,6|3,2,6|0|0|0|0|0|0|3,6|0,6|3,6|0|0|0|0|0|0|3,6|0|0|0,6|0|0|0|0|0|0|0,6|0|0|3,6|0|0|1|1|1|1|1|1|1|1,5,3|1|1|0|1|1|0,6|1|0|0|1|1|1|1|1|1|1|1|1|1|0,1|0|0|0|0|0|1|1|1|1|0,6|0,6|1|1|1|1|1|1|1|0,6|0|0|0|0|0|0|0|0,1|3,1,6|0,1|3,1,6|0,1|0,1,6|1|1|1|1|0|0|0|0|0|0|0|0|0|0|0|0|0,6|0,6|0,6|0,6|1|0,6|0,6|0,6|0,6|1|0,6|0|3,2,6|0,6|1|0|0|1|0|0|0|3,6|1|3,6|0|0|0|0|0|0|3,6|0|0|3,6|0|0|0|0|0|0|0,6|0|0|3,6|0|0,1|1|1|1|1|1|1|1|4,3|1|1|0|1|1|0,6|1|0|0|1|1|0|1|1|1|1|1|1|1|0|0|0|0|0|0|1|1|1|1|0,6|0,6|1|1|1|1|1|1|1|0,6|0|0|0|0|0|0|0|0|3,6|0|3,6|0|0,6|1|1|1|1|0|0|0|0|0|0|0|0|0|0|0|0|2,6|1|1|1|1|1|1|0,6|1|1|0|0|1|0,6|1|0|0|1|1|0|1|1|1|1|1|1|2|0|0|0|0,6|0|0|3,6|0|0|0|0|0|0|0,6|0|0|3,6|0|0|2|1|1|1|1|1|1|0|1|1|0|1|1|0,6|1|0|0|1|1|0|1|1|1|1|1|1|2|0|0|0|1|1|1|1|1|1|1|0,6|0,6|1|1|0,6|1|1|1|1|0,6|0|0|0|0|0|0|0|0|1|1|3,6|0|0,6|1|1|1|1|0|0|0|0|0|0|0|0|0|0|0|0|1|1|1|1|1|1|1|4,3,6|1|1|0|0|1|0,6|1|0|0|1|1|4,3|1|1|1|1|1|1|1|0|0|0,6|0,6|0|0|3,6|0|0|0|0|0|0|3,6|0|0|3,6|0|0|0|0|0|0|1|0|0|0|0|1|0|0|1|0,6|1|0|0|1|0|0|0|0,6|1|0,6|0,6|0,6|0|0|0|0|1|0|0|1|1|1|1|0,6|0,6|1|1|0,6|1|1|1|1|0,6|0,6|0,6|0,6|0,6|0,6|0|0|0|1|1|3,6|0|0,6|1|1|1|1|0|0|0|0|0|0|0|0|0|0|0|0|1|1|1|1|1|1|1|1,3|1|1|0|0|1|0,6|1|0|0|1|1|1,3|1|1|1|1|1|1|1|0|0|0,6|3,6|0|0|3,6|0|0|0|0|0|0,1|3,1,6|0,1|0,1|3,1,6|0|0|0|0|0|0|0|0|0|0|0|0|0|0|1|0,6|1|0|0|0|0|0|0|0,6|0,6|0,6|0,6|0,6|0|0|0|0|1|0|0|1|1|1|1|0,6|0,6|1|1|0,6|1|1|1|1|1|1|1|1|1|1|1|1|0|1|1|3,6|0|1|1|1|1|1|0|0|0|0|0|0|0|0|0|0|0|0|1|1|1|1|1|1|1|1|1|1|0|0|1|0,6|1|0,6|0,6|1|1|1,3|1|1|1|1|1|1|1|0|0|0,6|3,6|0|0|3,6|0|0|0|0|0|0|3,6|0|0|3,6|0|0|0|0|0|0|0|0|0|0|1|1|1|1|1|1|1|0,6|1|1|1|0,6|0,6|0,6|0,6|0,6|0,6|0,6|0|0|0|0|1|0|0|1|1|1|1|0,6|0,6|1|1|0,6|1|1|1|1|1|1|1|1|1|1|1|1|0,1|1|1|3,1,6|0,1,6|1|1|1|1|1|0|0|0|0|0|0|0|0|0|0|0|0|1|1|1|1|1|1|1|1|1|1|0|0|1|0,6|1|0,6|0,6|1|1|1,3|1|1|1|1|1|1|1|0|0|0,6|1|1|1|1|0|0|0|0|0,2|0|1|1|1|1|0|0|0|0,2|0|0|1|1|1|1|1|1|1|1|1|1|1|4,3,6|1|1|1|1|1|1|1|0,6|0,6|0,6|0|1|1|1|1|1|1|1|1|1|1|0,6|0,6|1|1|0|1|1|1|1|1|1|1|1|1|1|1|1|0,6|1|1|1|0,6|1|1|1|1|1|0|0|0|0|0|0|0|0|0|0|0|0|1|1|1|1|1|1|1|1|1|1|2|0|1|0,6|1|0,6|2,6|1|1|1,3|1|1|1|1|1|1|1|0|0,6|1|1|1|1|1|1|1|1|1|1|1|1|1|1|1|0,2|0|1|1|1|1|1|1|1|1|1|1|1|1|1|1|1|1,3|1|1|1|1|1|1|1|1|1|1|1|1|1|1|1|1|1|1|1|1|1|0,6|0,6|1|1|0|1|1|1|1|1|1|1|1|1|1|1|1|0,6|1|1|1|1|1|1|1|1|1|0|0|0|0|0|0|0|0|0|0|0|0|1|1|1|1|1|1|1|1|1|1|1|0|1|0,6|1|1|1|1|1|1,3|1|1|1|1|1|1|1|0|0,6|1|1|1|1|1|1|1|1|1|1|1|1|1|1|1|1|1|1|1|1|1|1|1|1|1|1|1|1|1|1|1|1|1,3|1|1|1|1|1|1|1|1|1|1|1|1|1|1|1|1|1|1|1|1|1|0,6|0,6|1|1|1|1|1|1|1|1|1|1|1|1|1|1|1|0,6|1|1|1|1|1|1|1|1|1|0|0|0|0|0|0|0|0|0|0|0|0|1|1|1|1|1|1|1|1|1|1|1|0|1|0,6|1|1|1|1|1|1,3|1|1|1|1|1|1|1|0,6|0,6|1|1|1|1|1|1|1|1|1|1|1|1|1|1|1|1|1|1|1|1|1|1|1|1|1|1|1|1|1|1|1|1|1,3|1|1|1|1|1|1|1|1|1|1|1|1|1|1|1|1|1|1|1|1|1|0,6|1|1|1|1|1|1|1|1|1|1|1|1|1|1|1|1|4,3,6|1|1|1|1|1|1|1|1|1|0|0|0|0|0|0|0|0|0|0|0|0|1|1|1|1|1|1|1|1|1|1|1|0|1|0,6|1|1|1|1|1|1,3|1|1|1|1|1|1|1|0,6|1|1|1|1|1|1|1|1|1|1|1|1|1|1|1|1|1|1|1|1|1|1|1|1|1|1|1|1|1|1|1|1|1|1,3|1|1|1|1|1|1|1|1|1|1|1|1|1|1|1|1|1|1|1|1|1|4,3,6|1|1|1|1|1|1|1|1|1|1|1|1|1|1|1|1|1,3|1|1|1|1|1|1|1|1|1|0|0|0|0|0|0|0|0|0|0|0|0|1|1|1|1|1|1|1|1|1|1|1|0|1|0,6|1|0|1|1|1|1,3|1|1|1|1|1|1|1|1|1|1|1|1|1|1|1|1|1|1|1|1|1|1|1|1|1|1|1|1|1|1|1|1|1|1|1|1|1|1|1|1|1|1,3|1,3|1,3|1,3|1,3|1,3|1,3|1,3|1,3|1,3|1,3|1,3|1,3|1,3|1,3|1,3|1,3|1,3|1,3|1,3|1,3|1,3|1,3|1|1|1|1|1|1|1|1|1|1|1|1|1|1|1|1|1,3|1|1|1|1|1|1|1|1|1|0|0|0|0|0|0|0|0|0|0|0|0|1|1|1|1|1|1|1|1|1|1|2|0|1|0,6|1|0|2|1|1|1,4,3|1|1|1|1|1|1|1|1|1|1|1|1|1|1|1|1|1|1|1|1|1|1|1|1|1|1|1|1|1|1|1|1|1|1|1|1|1|1|1|1|1|1|1|1|1|1|1|1|1|1|1|1|1|1|1|1|1|1|1|1|1|1|1|1|1|1|1|1|1|1|1|1|1|1|1|1|1|1|1|1|1,4,3|1|1|1|1|1|1|1|1|1|
