BS_A04
126*72
4.3633*7.8716|0|0
3,636|3,3|1111,3|1111,636
Border: Solid




0

1|1|1|1|1|1|1|1|1|1|1|1|1|1|1|1|1|1|1,5,3|1|1|1|1|1|1|1|1|1|1|1|1|1|1|1|1|1|1|1|1|1|1|1|1|1|1|1|1|1|1|1|1|1|1|1|1|1|1|1|1|1,4,3|1|1|1|1|1|1|1|1|1|1|1|1|1|1|1|1|1|1|1|1|1|1|1|1|1|1|1|1|1|1|1,3|1|1|1|1|1|1|1|1|1|1|1|1|1|1|1|1|1|1|1|1|1|1|1|1|1|1|1|1|1|1|1|1|1|1|1|1|1|1|1|1|1,3|1|1|1|1|1|1|1|1|1|1|1|1|1|1|1|1|1|1|1|1|1|1|1|1|1|1|1|1|1|1|1,3|1|1|1|1|1|1|1|1|1|1|1|1|1|1|1|1|1|1|1|1|1|1|1|1|1|1|1|1|1|1|1|1|1|1|1|1|1|1|1|1|4,3,6|1|1|1|1|1|1|1|1|1|1|1|1|1|1|1|1|1|1|1|1|1|1|1|1|1|1|1|1|1|1|1,3|1|1|1|1|1|1|1|1|1|1|1|1|1|1|1|1|1|1|1|1|1|1|1|1|1|1|1|1|1|1|1|1|1|1|1|1|1|1|1|1|0,6|1|1|1|1|1|1|1|1|1|1|1|1|1|1|1|1|1|1|1|1|1|1|1|1|1|1|1|1|1|1|4,3,6|1|1|1|1|1|1|1|1|1|1|1|1|1|1|1|1|1|1|1|1|1|1|1|1|1|1|1|1|1|1|1|1|1|1|1|1|1|1|1|0,6|0,6|1|1|1|1|1|1|1|1|1|1|1|1|1|1|1|1|1|1|1|1|1|1|1|1|1|1|1|1|1|1|0,6|1|1|1|1|1|1|1|1|1|1|1|1|1|1|1|1|1|1|1|1|1|1|1|1|1|1|1|1|1|1|0,6|0,6|1|1|1|1|1|1|1|0,6|0,6|1|1|1|1|1|1|1|1|1|1|1|1|1|1|1|1|0,6|0,6|1|1|1|1|1|1|1|2,6|0,6|1|1|0|0|1|1|1|1|1|1|1|1|1|1|1|1|1|1|1|1|1|1|1|1|1|1|1|1|1|1|1|0|1|1|0,6|0,6|1|1|1|1|1|1|1|0|0|1|1|1|1|1|1|1|1|1|1|1|1|0,6|0,6|0,6|0,6|0,6|0,6|2,6|1|1|1|1|1|1|1|2,6|1|1|0|0|1|1|1|1|1|1|1|1|1|1|1|1|1|1|1|1|1|1|1|1|1|1|1|1|1|1|1|0|1|1|0,6|0,6|1|1|1|1|1|1|1|0|0|1|1|1|1|1|1|1|1|1|1|1|1|0|0|0,6|0,6|0,6|0,6|0|2,6|1|1|1|1|1|1|1|1|1|0|0|1|1|1|1|0,6|1|1|1|1|1|1|1|1|1|1|1|1|1|1|1|1|1|1|1|1|1|1|0,6|1|1|0,6|0,6|1|1|1|1|1|1|1|0|0|1|1|1|1|3,6|0|0|0|1|1|1|0|0|0|0,6|0,6|0,6|0,6|0|0,6|0,6|0,6|0,6|0,6|1|1|1|1|1|0|0|1|1|1|1|0,6|1|1|1|1|1|1|1|1|1|1|1|1|1|1|1|1|1|1|1|1|1|1|0,6|1|1|0,6|0,6|1|1|1|1|1|1|1|0|0|1|1|1|1|3,6|0,6|0,6|0,6|0,6|0,6|0,6|0,6|0|0|0,6|0,6|0,6|0,6|0|0|0|0|0,6|0,6|1|1|1|1|1|0|0|1|1|1|1|0,6|0|0|0,6|0,6|0,6|0,6|1|3,6|0,6|0,6|3,6|0,6|0,6|0,6|0,6|0,6|0,6|0,6|1|1|1|1|0,6|1|1|0,6|0,6|1|1|1|1|1|1|1|0|0|1|1|1|1|3,6|0,6|0,6|0,6|0,6|0,6|0,6|0,6|0|0|0,6|0,6|0,6|0,6|0|0|0|0|0,6|0,6|1|1|1|1|1|0|0|1|1|1|1|0,6|0|0|0|0|0|0|1|3,6|0|0|3,6|0|0|0|0|0|0|0,6|1|1|1|1|0,6|1|1|0,6|0,6|1|1|1|1|1|1|1|0,6|0,6|1|1|1|1|3,6|0|0|0|0,6|0|0|0|0|0|0,6|0,6|0,6|0,6|0|0|0|0|0,6|0,6|1|1|1|1|1|0|0|1|1|1|1|1|1|1|1|1|1|1|1|3,6|0|0|0,6|0|0|0|0|0|0|0,6|1|1|1|1|1|1|1|0,6|0,6|1|1|1|1|1|1|1|0,6|0,6|1|1|1|1|3,6|0,6|0,6|0,6|0,6|0|0|0|0|0|0,6|0,6|0,6|0,6|0|0|0|0|0|0|1|1|1|1|1|0|0|1|1|1|1|0,6|0|0|0|0|0|0|0|3,6|0|0|0,6|0|0|0|0|0|0|0,6|1|1|1|1|1|1|1|0,6|0,6|1|1|1|1|1|1|1|0,6|0,6|1|1|1|1|3,6|0,6|0|0|0|0|0|0|0|0|0,6|0,6|0,6|0,6|0|0|0|0|0|0|2,6|1|1|1|1|0|0|1|1|1|1|0,6|0|0|0|0|0|0|0|3,6|0|0|0,6|0|0|0|0|0|0|0|1|1|1|1|1|1|1|0,6|0,6|1|1|1|0,2,6|0,6|1|1|0|0|1|1|1|1|3,6|0,6|0|0|0|0|0|0|0|0|0,6|0,6|0,6|0,6|0|0|0|0|0|0|0,6|2,6|1|1|1|0|0|1|1|1|1|0,6|0|0|0|0|0|0|0|0,6|0|0|0,6|0|0|0|0|0|0|0|1|1|1|1|1|1|1|0,6|0,6|1|1|1|0,2,6|0,6|1|1|0|0|1|1|3,6|0,6|3,6|0,6|0|0|0|0|0|0|0|0|0,6|0,6|0,6|0,6|0|0|0|0|0|0|0,6|0,6|0,6|1|1|0|0|1|1|1|1|0,6|0|0|0|0|0|0|0|0,6|0|0|0,6|0|0|0|0|0|0|0|0|0,6|0,2,6|0,6|0,6|1|1|0,6|0,6|1|1|3,6|0,2,6|0,6|0,2|0,2|0|0|3,2|0,2|3,6|0,6|3,6|0,6|0|0|0|0|0|0|0|0|0,6|0,6|0,6|0,6|0|0|0|0|0|0|0,6|0,6|0,6|1|1|0|0|1|1|3,6|0,6|0,6|0|0|0|0|0|0|0|0,6|0|0|0,6|0|0|0|0|0|0|0|0|0,6|0,2|0,6|0|0,2,6|0,2,6|0|0|0,2,6|0,2,6|3,6|0,2,6|0,6|0,2|0,2|0|0|3,2|0,2|3,6|0,6|0,6|0,6|0|0|0|0|0|0|0|0|0,6|0,6|0,6|0,6|0|0|0|0|0|0|0,6|0,6|0,6|0,2,6|3,2,6|0|0|0,2|0,2|3,6|0,6|0,6|0|0|0|0|0|0|0|3,6|0|0|0,6|0|0|0|0|0|0|0|0|0,6|0|0,6|0|0|0,2,6|0|0|0,2|0,2,6|3,6|0,6|0,6|0|0,2|0|0|3,2|0,2|3,6|0,6|0,6|0,6|0|0|0|0|0|0|0|0|0,6|0,6|0,6|0,6|0|0|0|0|0|0|3,6|0,6|0,6|0,2,6|3,2,6|0|0|0|0,2|3,6|0,6|0,6|0|0|0|0|0|0|0|3,6|0|0|3,6|0|0|0|0|0|0|0|0|0,6|0|0,6|0|0|0|0|0|0,2|0,6|3,6|0,6|0,6|0|0,2|0|0|0,2|0|3,6|0,6|0,6|0|0|0|0|0|0|0|0|0|0,6|0,6|0,6|0,6|0|0|0|0|0|0|3,6|0,6|0,6|0,6|3,2,6|0|0|0|0,2|3,6|0,6|0,6|0|0,6|0,6|0,6|0,1,6|0,1,6|0,1,6|3,1,6|0,1,6|0,1,6|3,1,6|0,1,6|0,1,6|0,1,6|0,1,6|0,1,6|0,1,6|0,1,6|0,6|0,6|0|0,6|0|0|0|0|0|0,2|0,1|3,1,6|0,1,6|3,1,6|0,1|0|0|0|0|0|3,6|0,6|0,6|0|0|0|0|0|0|0|0|0|0,6|0,6|0,6|0,6|0|0|0|0|0|0|3,6|0,6|0,6|0,6|3,2,6|0|0|0|0|3,6|0,6|3,6|0|0,6|0|0|0|0|0|3,6|0|0|3,6|0|0|0|0|0|0|0|0|0|0|0,6|0|0|0|0|0|0|0|3,6|0,6|3,6|0|0|0|0|0|0|3,6|0,6|0,6|0|0|0|0|0|0|0|0|0|0,6|0,6|0,6|0,6|0|0|0|0|0,1|0,1|3,1,6|0,1,6|3,1,6|0,1,6|3,1,6|0,1|0,1|0,1|0,1|3,1,6|0,1,6|3,1,6|0,1|0,1,6|0,1|0,1,6|0,1,6|0,1,6|0,1,6|3,1,6|0,1,6|0,1,6|3,1,6|0,1,6|0,6|0,6|0,6|0,6|0,6|0,6|0,6|0,1,6|0,1,6|0,1,6|0,1,6|0,1,6|0,1,6|0,1,6|0,1,6|0,1,6|0,1,6|0,1,6|0,1,6|3,1,6|0,1|0,1|0,1|0,1|0,1|0,1|3,1,6|0,1,6|0,1,6|0,1|0|0|0|0|0|0|0|0|0,6|0,6|0,6|0,6|0|0|0|0|0|0|3,6|0,6|3,6|0,6|0,6|0|0|0|0|3,6|0,6|3,6|0|0,6|0|0,6|0|0|0|3,6|0|0|3,6|0|0|0|0|0|0|0|0|0|0|0|0|0|0|0|0|0|0|0,6|0,6|3,6|0,6|0,6|0,6|0,6|0,6|0,6|3,6|0,6|3,6|0|0|0|0|0|0|0|0|0|0,6|0,6|0,6|0,6|0|0|0|0|0|0|3,6|0,6|3,6|0,6|0,6|0|0|0|0|0,6|0,6|3,6|0|0,6|0|0,6|0|0|0|0,6|0|0|0,6|0|0|0|0|0|0|0|0|0|0|0|0|0|0|0|0|0|0|0,6|0,6|3,6|0,6|0,6|0,6|0,6|0,6|0,1,6|3,1,6|0,1,6|3,1,6|0,1|0|0|0|0|0|0|0|0|0,6|0,6|0,6|0,6|0|0|0|0|0|0|0,6|0,6|3,6|0,6|0,6|0,6|0,6|0,6|0,6|0,6|0,6|3,6|0,6|0,6|0|0,6|0|0|0|0,6|0|0|0,6|0|0|0|0|0|0|0|0|0|0|0|0|0|0|0|0|0|0|0,6|0,6|3,6|0,6|0,6|0,6|0,6|0,6|0,6|0,6|0,6|3,6|0|0|0|0|0|0|0|0|0|0,6|0,6|0,6|0,6|0|0|0|0|0|0|0,6|0,6|3,6|0,6|0,6|0|0|0|0|0,6|0,6|3,6|0|0|0|0,6|0|0|0|0,6|0|0|0,6|0|0|0|0|0|0|0|0|0|0|0|0|0|0|0|0|0|0|0,6|0,6|3,6|0|0|0|0|0|0|0,6|0,6|3,6|0|0|0|0|0|0|0|0|0|0,6|0,6|0,6|0,6|0|0|0|0|0|0|0,6|0,6|3,6|0,6|0,6|0,6|0,6|0,6|0,6|0,6|0,6|0,6|0,6|0,6|0,6|0,6|0|0|0|3,6|0|0|0,6|0|0|0|0|0|0|0|0|0|0|0|0|0|0|0|0|0|0|0,6|0,6|3,6|0|0|0|0|0|0|0,6|0,6|3,6|0|0|0|0|0|0|0|0|0|0,6|0,6|0,6|0,6|0|0|0|0|0|0|0,6|0,6|0,6|0,6|0,6|0|0|0|0|0,6|0,6|0,6|0|0|0|0|0|0|0|3,6|0|0|0,6|0|0|0|0|0|0|0|0|0|0|0|0|0|0|0|0|0|0|3,6|0,6|3,6|0|0|0|0|0|0|0,6|0,6|3,6|0|0|0|0|0|0|0|0|0|0,6|0,6|0,6|0,6|0|0|0|0|0|0|0,6|0,6|0,6|0,6|0,6|0|0|0|0|0,6|3,6|0,6|0|0|0|0|0|0|0|3,6|0|0|0,6|0|0|0|0|0|0|0|0|0|0|0|0|0|0|0|0|0|0|3,6|0,6|3,6|0|0|0|0|0|0|0,6|0,6|3,6|0|0|0|0|0|0|0|0|0|0,6|0,6|0,6|0,6|0|0|0|0|0|0|3,6|0,6|0,6|0,6|0,6|0|0|0|0|0,6|3,6|0,6|0|0|0|0|0|0|0|3,6|0|0|0,6|0|0|0|0|0|0|0|0|0|0|0|0|0|0|0|0|0|0|3,6|0,6|0,6|0|0|0|0|0|0|0,6|0,6|3,6|0|0|0|0|0|0|0|0|0|0,6|0,6|0,6|0,6|0|0|0|0|0|0|3,6|0,6|0,6|0,6|0,6|0|0|0|0|0,6|3,6|0,6|0|0|0|0|0|0|0|3,6|0|0|0,6|0|0|0|0|0|0|0|0|0|0|0|0|0|0|0|0|0|0|3,6|0,6|0,6|0|0|0|0|0|0|3,6|0,6|3,6|0|0|0|0|0|0|0|0|0|0,6|0,6|0,6|0,6|0|0|0|0|0|0|3,6|0,6|0,6|0,6|3,6|0|0|0|0|0,6|3,6|0,6|0|0|0|0|0|0|0|3,6|0|0|0,6|0|0|0|0|0|0|0|0|0|0|0|0|0|0|0|0|0|0|3,6|0,6|0,6|0|0|0|0|0|0|3,6|0,6|3,6|0|0|0|0|0|0|0|0|0|0,6|0,6|0,6|0,6|0|0|0|0|0|0|3,6|0,6|0,6|0,6|3,6|0|0|0,1|0,1|3,1,6|3,1,6|0,1,6|0,1|0,1|0,1|0,1|0,1|0,1|0,1|3,1,6|0,1|0,1|0,6|0|0|0|0|0|0|0|0|0|0|0|0|0|0|0|0|0|0|3,6|0,6|0,6|0|0|0|0|0|0|3,6|0,6|0,6|0|0|0|0|0|0|0|0|0|0,6|0,6|0,6|0,6|0|0|0|0|0|0|3,6|0,6|0,6|0,6|3,6|0|0|0|0|3,6|3,6|0,6|0|0|0|0|0|0|0|0,6|0|0|0,6|0|0|0|0|0|0|0|0|0|0|0|0|0|0|0|0|0|0,6|3,6|0,6|0,6|0|0|0|0|0|0|3,6|0,6|0,6|0|0|0|0|0|0|0|0|0|0,6|0,6|0,6|0,6|0|0|0|0|0|0,1|3,1,6|0,1,6|3,1,6|0,1,6|3,1,6|0,1|0|0,2|0|3,6|3,6|0,6|0|0|0|0|0|0|0|0,6|0|0|0,6|0|0|0|0|0|0|0|0|0|0|0|0|0|0|0|0|0,1|0,1,6|3,1,6|0,1,6|0,1,6|0,1,6|0,1,6|0,1,6|0,1,6|0,1,6|0,1,6|3,1,6|0,1,6|0,6|0|0|0|0|0|0|0|0|0|0,6|0,6|0,6|0,6|0|0|0|0|0|0|3,6|0,6|3,6|0,2,6|3,6|0|0|0,2|0|3,6|3,6|0,6|0|0|0|0|0|0|0|0,6|0|0|0,6|0|0|0|0|0|0|0|0|0|0|0|0|0|0,2|0|0|0|0,6|0,6|0,6|3,6|0,6|0,6|0,6|0,6|0,6|0,6|3,6|0,6|3,6|0|0|0|0|0|0|0|0|0|0,6|0,6|0,6|0,6|0|0|0|0|0|0|0,6|0,6|3,6|0,2,6|3,2,6|0|0|0,2|0,2|3,6|0,6|0,6|0|0|0|0|0|0|0|0,6|0|0|3,6|0|0|0|0|0|0|0|0|0|0|0|0|0|0,2|0|0|0,2|0,6|0,6|0,6|3,6|0,6|0,6|0,6|0,6|0,6|0,6|3,6|0,6|3,6|0|0,6|0|0|0|0|0|0|0|0,6|0,6|0,6|0,6|0|0|0|0|0,6|0,6|0,6|0,6|3,6|0,2,6|3,2,6|0|0|0,2|0,2|3,6|0,6|0,6|0|0|0|0|0|0|0|0,6|0|0|3,6|0|0|0|0|0|0|0|0|0|0|0|0|0|1|0|0|0,2|0,6|0,6|0,6|3,6|0|0,2|0|0|0|0|3,6|0,6|3,6|0|0,6|0|0|0,6|0|0|0|0|0,6|0,6|0,6|0,6|0|0|0|0|0,6|0,6|0,6|0,6|3,6|1|1|0|0|1|1|3,6|0,6|0,6|0|0|0|0|0|0|0|0,6|0|0|3,6|0|0|0|0|0|0|0|0|0|0|0|0|0|1|0,6|0,6|1|0,6|0,6|0,6|3,6|0|3,2|0|0|0|0|0,6|0,6|3,6|0|0,6|0|0|0,6|0|0|0|0|0,6|0,6|0,6|0,6|0|0|0|0|0,6|0,6|0,6|0,6|3,6|1|1|0|0|1|1|1|1|0,6|0|0|0|0|0|0|0|0,6|0|0|3,6|0|0|0|0|0|0|0|0|0|0|0|0|0|1|0,6|1|1|1|1|0,6|3,6|0,2|3,2|0|0|0,2|0|0,6|0,6|3,6|0,6|0,6|0|0|0,6|0|0|0|0|0,6|0,6|0,6|0,6|0,6|0,6|0,6|0,6|0,6|0,6|1|1|1|1|1|0|0|1|1|1|1|0,6|0|0|0|0|0|0|0|0,6|0|0|3,6|0|0|0|0|0|0|0|0|0|0|1|1|1|1|0,6|1|1|1|1|0,6|3,6|0,2|3,2|0|0|0,2|0,2|0,6|0,6|3,6|0,6|0,6|0|0|0,6|0|0|0|0|0,6|0,6|0,6|0,6|0|0|0|0|0,6|0,6|1|0,6|0,6|1|1|0|0|1|1|1|1|0,6|0|0|0|0|0|0,6|0,6|0,6|0,6|0,6|3,6|0,6|0,6|0,6|0,6|0,6|0,6|0,6|0,6|0,6|0,6|1|0,6|0,6|1|0,6|0,6|1|1|1|0,6|3,6|1|1|0|0|1|1|0,6|0,6|3,6|0,6|0,6|0|0|0,6|0,6|0|0|0|0,6|0,6|0,6|1|1|1|1|1|1|1|1|0,6|1|1|1|0|0|1|1|1|1|0,6|0|0|0|0|0|0,6|0|0,6|0|1|1|1|1|1|1|1|1|1|1|1|1|1|0,6|1|1|0,6|0,6|1|1|1|0,6|3,6|1|1|0|0|1|1|0,6|0,6|3,6|0,6|0,6|0|0|0,6|0,6|0|0,6|0,6|0,6|0,6|0,6|1|0,6|0,6|0,6|0,6|0,6|0,6|0,6|0,6|1|1|1|0|0|1|1|1|1|1|1|1|1|1|1|1|1|0,6|0|1|0,6|0|0,6|0,6|0,6|0,6|0,6|0,6|0,6|0,6|0,6|0,6|0,6|1|1|0,6|0,6|1|1|1|1|1|1|1|0|0|1|1|1|1|1|1|1|1|1|0,6|0,6|0|0,6|0,6|0,6|0,6|0,6|1|0,6|0,6|1|1|1|1|1|1|1|1|1|0|0|1|1|1|1|1|1|1|1|1|1|1|1|0,6|0|1|0,6|0|0,6|0,6|0,6|0,6|1|1|1|1|1|1|1|1|1|0,6|0,6|1|1|1|1|1|1|1|0|0|1|1|1|1|1|1|1|1|1|1|1|1|1|1|1|1|1|1|1|1|1|1|1|1|1|1|1|1|1|0,6|0,6|1|1|1|1|1|1|1|1|1|1|1|1|1|1|1|1|1|1|1|1|1|1|1|1|1|1|1|1|1|1|0,6|0,6|1|1|1|1|1|1|1|0,6|0,6|1|1|1|1|1|1|1|1|1|1|1|1|1|1|1|1|1|1|1|1|1|1|1|1|1|1|1|1|1|0,6|0,6|1|1|1|1|1|1|1|1|1|1|1|1|1|1|1|1|1|1|1|1|1|1|1|1|1|1|1|1|1|1|0,6|0,6|1|1|1|1|1|1|1|0,6|0,6|1|1|1|1|1|1|1|1|1|1|1|1|1|1|1|1|1|1|1|1|1|1|1|1|1|1|1|1|1|0,6|0,6|1|1|1|1|1|1|1|1|1|1|1|1|1|1|1|1|1|1|1|1|1|1|1|1|1|1|1|1|1|1|0,6|0,6|1|1|1|1|1|1|1|0,6|0,6|1|1|1|1|1|1|1|1|1|1|1|1|1|1|1|1|1|1|1|1|1|1|1|1|1|1|1|1|1|0,6|0,6|1|1|1|1|1|1|1|1|1|1|1|1|1|1|1|1|1|1|1|1|1|1|1|1|1|1|1|1|1|1|0,6|0,6|1|1|1|1|1|1|1|0,6|0,6|1|1|1|1|1|1|1|1|1|1|1|1|0,6|0,6|0,6|0,6|1|1|1|1|1|1|1|1|1|1|1|1|1|0|0|1|1|1|1|1|1|1|1|1|1|1|0,6|3,6|0|0|1|1|1|1|1|1|1|1|1|1|1|1|1|1|1|0,6|0,6|1|1|1|1|1|1|1|0|0|1|1|1|1|1|1|1|0|1|1|1|1|0|0,6|0,6|0,6|1|1|1|1|1|1|1|1|1|1|1|1|1|0|0|1|1|1|0,6|0,6|0,6|0,6|0,6|0,6|0,6|0,6|0,6|3,6|0|0|1|1|1|1|1|1|1|1|1|1|1|1|1|1|1|0,6|0,6|1|1|3,6|0,6|3,6|1|1|0|0|1|1|0,6|0,6|0,6|0,6|0,6|0,6|1|0,6|0,6|0,6|0|0,6|0,6|0,6|0,6|0,6|0|0,6|0,6|0,6|0,6|0,6|0,6|1|1|1|1|0|0|1|1|1|0,6|0,6|0|0|0|0|0|0|0|3,6|0|0|0,6|0|0|0|0,6|0|0|0|0|0|0|0|1|1|1|0,6|0,6|1|1|3,6|0,6|3,6|1|1|0|0|1|1|1|1|1|1|1|1|1|0,6|0,6|0,6|0|0,6|0,6|0,6|0,6|0,6|0|0,6|0,6|0,6|0,6|0,6|0,6|1|1|1|1|0|0|1|1|1|0,6|0,6|0|0|0|0|0|0|0|3,6|0|0|0,6|0|0|0|0,6|0,6|0,6|0,6|0,6|0,6|0,6|0,6|1|1|1|0,6|0,6|1|0,6|3,6|0,6|3,6|1|1|0|0|1|1|3,6|0,6|0,6|0|0|0|0|0|0|0|0|0,6|0,6|0,6|0,6|0,6|0|0|0|0|0,6|0,6|0,6|1|1|1|1|0|0|1|1|3,6|0,6|0,6|0|0|0|0|0|0|0|3,6|0|0|0,6|0|0|0|0|0|0|0|0|0|0|0|0|0|1|0,6|0,6|1|0,6|3,6|0,6|0,6|0,2|0,2|0|0|0,2|0,2|3,6|0,6|0,6|0|0|0|0|0|0|0|0|0|0,6|0,6|0,6|0,6|0|0|0|0|0,6|0,6|0,6|1|1|1|1|0|0|1|1|3,6|0,6|0,6|0|0|0|0|0|0|0|3,6|0|0|0,6|0|0|0|0|0|0|0|0|0|0|0|0|0|0,2|0,6|0,6|0,2|0,6|0,6|0,6|0,6|0,2|0,2|0|0|0,2|0,2|3,6|0,6|0,6|0|0|0|0|0|0|0|0|0|0,6|0,6|0,6|0,6|0|0|0|0|0,6|0,6|0,6|0,6|0,6|1|1|0|0|1|1|3,6|0,6|0,6|0|0|0|0|0|0|0|3,6|0|0|3,6|0|0|0|0|0|0|0|0|0|0|0|0|0|0,2|0,6|0,6|0|0,6|0,6|0,6|0,6|0|0,2|0|0|0|0,2|3,6|0,6|0,6|0|0|0|0|0|0|0|0|0|0,6|0,6|0,6|0,6|0|0|0|0|0,6|0,6|0,6|0,6|0,6|0,2,6|0,2,6|0|0|0,2|0,2|3,6|0,6|3,6|0|0|0|0|0|0,1|0,1|3,1,6|0,1|0,1|3,1,6|0,1|0|0|0|0|0|0|0|0|0|0|0|0|0,2|0,6|0,6|0|0,6|3,6|0,6|0,6|0|0,2|0|0|0|0,2|3,6|0,6|3,6|0|0|0|0|0|0|0|0|0|0,6|0,6|0,6|0,6|0|0|0|0|0,6|0,6|3,6|0,6|0,6|0,2,6|0,2,6|0|0|0,2|0,2|3,6|0,6|3,6|0|0|0|0|0|0|0|0,6|0|0|3,6|0|0|0|0|0|0|0|0|0|0|0|0|0|0|0,6|0,6|0|0,6|3,6|0,6|0,6|0|0|0|0|0|0|0,6|0,6|3,6|0|0|0|0|0|0|0|0|0|0,6|0,6|0,6|0,6|0|0|0|0|0,1|0,1|3,1,6|0,1,6|0,1,6|0,2,1,6|0,1,6|0,1|0,1|0,2,1|0,1|3,1,6|0,1,6|3,1,6|0,1|0,1|0,1|0|0|0|0|0,6|0|0|3,6|0|0|0|0|0,6|0,6|0|0|0|0|0|0|0|0|0,6|0,6|0|0|3,6|0,6|3,6|0,6|0,6|0,6|0,6|0,6|0,6|0,6|0,6|3,6|0|0|0|0|0|0|0|0|0|0,6|0,6|0,6|0,6|0|0|0|0|0|0|3,6|0,6|0,6|0,2,6|0,6|0|0|0,2|0|3,6|0,6|3,6|0|0|0|0|0|0|0|0,6|0|0|3,6|0|0|0|0|0|0|0|0|0|0|0|0|0|0|0,6|0,6|0,6|0,1,6|3,1,6|0,1,6|3,1,6|0,1,6|0,1,6|0,1,6|0,1,6|0,1,6|0,1,6|3,1,6|0,1,6|3,1,6|0,1|0|0|0|0|0|0|0|0|0,6|0,6|0,6|0,6|0|0|0|0|0|0|3,6|0,6|0,6|0,6|0,6|0|0|0|0|0,6|0,6|3,6|0|0|0|0|0|0|0|0,6|0|0|3,6|0|0|0|0|0|0|0|0|0|0|0|0|0|0|0,6|0,6|0,6|0,6|0,6|0,6|3,6|0,6|0,6|0,6|0,6|0,6|0,6|3,6|0,6|3,6|0|0|0|0|0|0|0|0|0|0,6|0,6|0,6|0,6|0|0|0|0|0|0|0,6|0,6|3,6|0,6|0,6|0|0|0|0|0,6|0,6|0,6|0|0|0|0|0|0|0|0,6|0|0|3,6|0|0|0|0|0|0|0|0|0|0|0|0|0|0|0|0|0|0|0,6|0,6|3,6|0|0|0|0|0|0|3,6|0,6|0,6|0|0|0|0|0|0|0|0|0|0,6|0,6|0,6|0,6|0|0|0|0|0|0|0,6|0,6|3,6|0,6|0,6|0|0|0|0|0,6|0,6|3,6|0|0|0|0|0|0,1|0,1|3,1,6|0,1|0,1|3,1,6|0,1|0|0|0|0|0|0|0|0|0|0|0|0|0|0|0|0|0|0,6|0,6|3,6|0|0|0|0|0|0|3,6|0,6|0,6|0|0|0|0|0|0|0|0|0|0,6|0,6|0,6|0,6|0|0|0|0|0|0|0,6|0,6|3,6|0,6|0,6|0|0|0|0|0,6|0,6|3,6|0|0|0|0|0|0|0|3,6|0|0|3,6|0|0|0|0|0|0|0|0|0|0|0|0|0|0|0|0|0|0|3,6|0,6|3,6|0|0|0|0|0|0|3,6|0,6|0,6|0|0|0|0|0|0|0|0|0|0,6|0,6|0,6|0,6|0|0|0|0|0|0|3,6|0,6|3,6|0,6|0,6|0|0|0|0|0,6|0,6|3,6|0|0|0|0|0|0|0|3,6|0|0|0,6|0|0|0|0|0|0|0|0|0|0|0|0|0|0|0|0|0|0|3,6|0,6|0,6|0|0|0|0|0|0|3,6|0,6|0,6|0|0|0|0|0|0|0|0|0|0,6|0,6|0,6|0,6|0|0|0|0|0|0|3,6|0,6|3,6|0,6|0,6|0|0|0|0|0,6|0,6|3,6|0|0|0|0|0|0|0|3,6|0|0|0,6|0|0|0|0|0|0|0|0|0|0|0|0|0|0|0|0|0|0|3,6|0,6|0,6|0|0|0|0|0|0|3,6|0,6|0,6|0|0|0|0|0|0|0|0|0|0,6|0,6|0,6|0,6|0|0|0|0|0|0|3,6|0,6|3,6|0,6|0,6|0|0|0|0|0,6|0,6|3,6|0|0|0|0|0|0|0|0,6|0|0|0,6|0|0|0|0|0|0|0|0|0|0|0|0|0|0|0|0|0|0|3,6|0,6|0,6|0|0|0|0|0|0|0,6|3,6|0,6|0|0|0|0|0|0|0|0|0|0,6|0,6|0,6|0,6|0|0|0|0|0|0|3,2,6|0,6|0,6|0,6|0,6|0|0|0|0|0,6|0,6|3,6|0|0|0|0|0|0|0|0,6|0|0|3,6|0|0|0|0|0|0|0|0|0|0|0|0|0|0|0|0|0|0|3,6|0,6|0,6|0|0|0|0|0|0|0,6|3,6|0,6|0|0|0|0|0|0|0|0|0|0,6|0,6|0,6|0,6|0|0|0|0|0|0|3,2,6|0,6|0,6|0,6|0,6|0|0|0|0|0,6|0,6|0,6|0|0|0|0|0|0|0|0,6|0,1|0,1|3,1,6|0,1|0,1|0,1|0,1|0,1|0,1|3,1,6|0,1,6|0,6|0|0|0|0|0|0|0,1|0,1|0,1|3,1,6|0,1,6|3,1,6|0,1|0,1|0,1|0,1|0,1|0,1|0,1,6|3,1,6|0,1,6|0|0|0|0|0|0|0|0|0|0,6|0,6|0,6|0,6|0|0|0|0|0|0|3,2,6|0,6|0,6|0,6|0,6|0|0|0|0|0,6|0,6|0,6|0|0|0|0|0|0|0|0,6|0|0|3,6|0|0|0|0|0|0|3,6|0,6|0,6|0|0|0|0|0|0|0|0|0|3,6|0,6|3,6|0|0|0|0|0|0|0,6|3,6|0,6|0|0|0|0|0|0|0|0|0|0,6|0,6|0,6|0,6|0|0|0|0|0|0|3,2,6|0,6|0,6|0,6|0,6|0|0|0|0|3,6|0,6|0,6|0|0|0|0|0|0|0|0,6|0|0|3,6|0|0|0|0|0,1|0,1|3,1,6|0,1,6|0,1,6|0,1|0,1|0,1|0,1|0,1|0,1|0|0|0|3,6|0,6|3,6|0,6|0,6|0,6|0,6|0,6|0,6|0,6|3,6|0,6|0|0|0|0|0|0|0|0|0|0,6|0,6|0,6|0,6|0|0|0|0|0|0|0,2,6|0,6|0,6|0,6|0,6|0|0|0,2|0|3,6|0,6|0,6|0|0|0|0|0|0|0|0,6|0|0|3,6|0|0|0|0|0|0|0|0|0|0|0|0|0|0|0|0|0|0|0,6|0,6|3,6|0,6|0,6|0,6|0,6|0,6|0,6|0,6|0,6|0,6|0|0|0|0|0|0|0|0|0|0,6|0,6|0,6|0,6|0|0|0|0|0|0|0,2,6|0,6|0,6|0,6|0,2,6|0|0|0,2|0|3,6|0,6|3,6|0,6|0|0|0|0|0|0|0,6|0|0|3,6|0|0|0|0|0|0|0|0|0|0|0|0|0|0|0|0|0|0|0,6|0,6|3,6|0,6|0,6|0,6|0,6|0,6|0,6|0,6|0,6|0,6|0|0|0|0|0|0|0|0|0|0,6|0,6|0,6|0,6|0|0|0|0|0|0|3,2,6|0,6|0,6|0,6|0,2,6|0|0,1|0,2,1|0,2,1|3,1,6|0,1,6|3,1,6|0,1,6|0|0|0|0|0|0|0,6|0|0|3,6|0|0|0|0|0|0|0|0|0|0|0|0|0|0|0|0|0|0|3,6|0,6|0,6|0|0|0|0|0|0|3,6|0,6|0,6|0|0|0|0|0|0|0|0|0|0,6|0,6|0,6|0,6|0|0|0|0|0|0|3,2,6|0,6|0,6|0,2,6|0,2,6|0|0|0,2|0,2|3,6|0,6|3,6|0,6|0|0|0|0|0|0|3,6|0|0|3,6|0|0|0|0|0|0|0|0|0|0|0|0|0|0,2|0|0|0,2|0|3,6|0,6|0,6|0,2|0|0|0|0|0|3,6|0,6|0,6|0|0|0|0|0|0|0|0|0,6|0,6|0,6|0,6|0,6|0|0|0,6|0,6|0,6|0,6|3,2,6|0,6|0,6|1|1|0|0|1|1|3,6|0,6|0,6|0,6|0|0|0|0|0,1|0,1|3,1,6|0,1|0,1|3,1,6|0,1|0,1|0|0|0|0|0|0|0|0|0|0|0|0,2|0|0|0,2|0,2|3,2,6|0,6|0,6|0,2|0|0|0|0,2|0|3,6|0,6|0,6|0,6|0,6|0|0|0|0|0|0|0,6|0,6|0,6|0,6|0,6|0|0|0,6|0|0|0|0,2,6|0,6|0,6|1|1|0|0|1|1|1|1|0,6|0,6|0|0|0|0|0|0|3,6|0|0|0,6|0|0|0|0|0|0|0|0|0|0|0|1|1|1|0,6|0,6|1|0,2|3,2,6|0,6|0,6|0,2|0,2|0|0|0,2|0,2|3,6|0,6|0,6|0,6|0,6|0|0|0|0|0|0|0,6|0,6|0,6|0,6|0,6|0|0|0,6|0|0,6|0,6|0,2,6|0,6|1|1|1|0|0|1|1|1|1|0,6|0,6|0,6|0,6|0,6|0,6|0|0|3,6|0|0|0,6|0|0|0|0|0|0|0|0,6|0,6|0,6|0,6|1|1|1|0,6|0,6|1|1|3,2,6|0,6|0,6|0,2|0,2|0|0|0,2|0,2|3,6|0,6|0,6|0,6|0,6|0|0|0|0|0|0|0,6|0,6|0,6|0,6|0,6|0|0|0,6|0|0,6|0|0,2,6|0,6|1|1|1|0|0|1|1|1|1|1|1|1|1|1|1|1|1|1|0|0|0,6|0|0|0|0|1|1|1|1|1|1|1|1|1|1|0,6|0,6|1|1|3,2,6|0,6|0,6|1|1|0|0|1|1|3,6|0,6|0,6|0,6|0,6|0,6|0,6|0,6|0,6|0,6|0|0,6|0,6|0,6|0,6|0,6|1|1|1|1|1|1|1|1|1|1|1|0|0|1|1|1|1|1|1|1|1|1|1|1|1|1|1|1|1|1|1|1|0|1|1|1|1|1|1|1|1|1|1|0,6|0,6|1|1|1|1|1|1|1|0|0|1|1|1|1|1|1|1|0,6|0,6|0,6|1|1|1|1|1|1|1|1|1|1|1|1|1|1|1|1|1|1|1|0,6|0,6|1|1|1|1|1|1|1|1|1|1|1|1|1|1|1|1|1|1|1|1|1|1|1|1|1|1|1|1|1|1|0,6|0,6|1|1|1|1|1|1|1|0,6|0,6|1|1|1|1|1|1|1|1|1|1|1|1|1|1|1|1|1|1|1|1|1|1|1|1|1|1|1|1|1|0,6|0,6|1|1|1|1|1|1|1|1|1|1|1|1|1|1|1|1|1|1|1|1|1|1|1|1|1|1|1|1|1|1|0,6|0,6|1|1|1|1|1|1|1|0,6|0,6|1|1|1|1|1|1|1|1|1|1|1|1|1|1|1|1|1|1|1|1|1|1|1|1|1|1|1|1|1|0,6|0,6|1|1|1|1|1|1|1|1|1|1|1|1|1|1|1|1|1|1|1|1|1|1|1|1|1|1|1|1|1|1|0,6|0,6|1|1|1|1|1|1|1|0,6|0,6|1|1|1|1|1|1|1|1|1|1|1|1|1|1|1|1|1|1|1|1|1|1|1|1|1|1|1|1|1|0,6|0,6|1|1|1|1|1|1|1|1|1|1|1|1|1|1|1|1|1|1|1|1|1|1|1|1|1|1|1|1|1|1|0,6|0,6|1|1|1|1|1|1|1|0,6|0,6|1|1|1|1|1|1|1|1|1|1|1|1|1|1|1|1|1|1|1|1|1|1|1|1|1|1|1|1|1|0,6|0,6|1|1|1|1|1|1|1|1|1|1|1|1|1|1|1|1|1|1|1|1|1|1|1|1|1|1|1|1|1|1|0,6|0,6|1|1|1|1|1|1|1|0,6|0,6|1|1|1|1|1|1|1|1|1|1|1|1|0,6|1|1|1|1|1|1|1|1|1|1|1|1|1|1|1|1|0|0|1|1|1|1|1|1|1|1|0|1|1|1|1|1|1|1|0|0|0|0|1|1|1|1|1|1|1|1|1|1|0|0,6|1|1|1|1|1|1|1|0|0|1|1|1|1|1|1|1|1|1|1|1|1|0|1|1|1|1|1|1|1|1|1|1|1|1|1|1|1|1|0|0|1|1|1|1|1|1|1|1|0|0|0|0|0,6|0|0|0,6|0|0|0|0|1|1|1|1|1|1|1|1|1|1|0|0,6|1|1|1|1|1|1|1|0|0|1|1|1|1|1|1|1|1|1|1|1|1|0|0,6|0,6|0,6|0,6|0,6|0|0|0,6|0|0,6|0,6|3,2,6|1|1|1|1|0|0|1|1|1|1|0,6|0,6|0|0,6|0|0|0|0|0,6|0|0|0,6|0|0|0|0|0|0|0|0,6|0|0|0|0|0|1|0|0,6|1|0|0,6|1|1|1|1|0|0|1|1|1|1|0,6|0,6|0,6|0,6|0,6|0,6|0,6|0,6|0|0,6|0,6|0,6|0,6|0,6|0|0|0,6|0|0,6|0,6|3,2,6|1|1|1|1|0|0|1|1|1|1|0,6|0,6|0|0,6|0|0|0|0|0,6|0|0|0,6|0|0|0|0|0|0|0|0,6|0,6|0,6|0,6|0,6|0,6|0,2,6|0,6|0,6|1|0,6|0,6|1|1|1|1|0|0|1|1|1|1|0,6|0,6|0,6|0|0|0|0|0|0|0,6|0,6|0,6|0,6|0,6|0|0|0,6|0|0,6|0,6|3,2,6|1|1|1|1|0|0|1|1|1|1|0,6|0,6|0|0,6|0|0|0|0|3,6|0|0|0,6|0|0|0|0|0|0|0|0|0|0|0|0|0|0,2|0|0,6|0,2,6|0|0,6|0,6|3,6|1|1|0|0|1|1|0,6|0,6|0,6|0,6|0,6|0,6|0,6|0,6|0,6|0,6|0|0|0,6|0,6|0,6|0,6|0|0|0,6|0|0,6|0,6|3,2,6|1|1|1|1|0|0|1|1|1|1|0,6|0|0|0,6|0|0|0|0|3,6|0|0|0,6|0|0|0|0|0|0|0|0|0|0|0|0|0|0|0|0,6|0,2,6|0|0,6|0,6|3,6|0,2|0,2|0|0|0,2|0,2|0,6|0,6|0,6|0,6|0,6|0|0|0|0|0|0|0|0,6|0,6|0,6|0,6|0|0|0,6|0|0|0|3,2,6|0,6|0,6|1|1|0|0|1|1|1|1|0,6|0,6|0,6|0,6|0|0|0|0|3,6|0|0|3,6|0|0|0|0|0|0|0|0|0|0|0|0|0|0|0|0,6|0,2,6|0,6|0,6|0,6|3,6|0,6|0,2,6|0,6|0,6|0,2,6|0,2|0,6|0,6|0,6|0,6|0,6|0|0|0|0|0|0|0|0,6|0,6|0,6|0,6|0|0|0,6|0,6|0,6|0,6|3,6|0,6|0,6|1|1|0|0|1|1|3,6|0,6|0,6|0|0|0|0|0|0|0|3,6|0|0|3,6|0|0|0|0|0|0|0|0|0|0|0|0|0|0|0|0,6|0,6|0,6|0,6|0,6|3,6|0,6|0,6|0,6|0,6|0,2,6|0|0,6|0,6|0,6|0,6|0,6|0|0|0|0|0|0|0|0,6|0,6|0,6|0,6|0|0|0|0|0|0|3,6|0,6|0,6|0,2,6|0,2,6|0|0|0,2|0,2|3,6|0,6|0,6|0|0|0|0|0|0|0,1|3,1,6|0,1|0,1|3,1,6|0,1|0|0|0|0|0|0|0|0|0|0|0|0|0|0|0|0|0,1|3,1,6|0,1,6|3,1,6|0|0|0|0,6|0,6|0|0,6|0,6|0,6|0,6|0,6|0|0|0|0|0|0|0|0,6|0,6|0,6|0,6|0|0|0|0|0|0|0,6|0,6|0,6|0,2,6|0,2,6|0|0|0,2|0,2|3,6|0,6|0,6|0|0|0|0|0|0|0|0,6|0|0|3,6|0|0|0|0|0|0|0|0|0|0|0|0|0|0|0|0|0|0|3,6|0,6|0,6|0,6|0,6|0,6|0,6|0,6|0,6|0,6|0,6|0,6|0|0|0|0|0|0|0|0|0|0,6|0,6|0,6|0,6|0|0|0|0|0|0|0,6|0,6|0,6|0,6|0,2,6|0|0|0,2|0|3,6|0,6|3,6|0|0|0|0|0|0|0|0,6|0|0|3,6|0|0|0|0|0|0|0|0|0|0|0|0|0|0|0|0|0|0|3,6|0,6|0,6|0,6|0,6|0,6|0,6|0,6|0,6|3,6|0,6|0,6|0|0|0|0|0|0|0|0|0|0,6|0,6|0,6|0,6|0|0|0|0|0|0|0,6|0,6|0,6|0,6|0,2,6|0|0|0,2|0|0,6|0,6|3,6|0|0|0|0|0|0|0|0,6|0|0|3,6|0|0|0|0|0|0|3,6|0,6|0,6|0|0|0|0|0|0,1|0,1|0,1|0,1|3,1,6|0,1,6|0,1,6|0,1,6|0,1,6|0,1,6|0,1,6|0,1,6|0,1,6|3,1,6|0,1,6|0,6|0|0|0|0|0|0|0|0|0|0,6|0,6|0,6|0,6|0|0|0|0|0|0|0,6|0,6|0,6|0,6|0,6|0|0|0,2|0|0,6|0,6|3,6|0|0|0|0|0|0|0|0,6|0|0|0,6|0|0|0|0|0|0|3,6|0,6|0,6|0|0|0|0|0|0|0|0|0|3,6|0,6|0,6|0|0|0|0,6|0,6|0|3,6|0,6|0,6|0|0|0|0|0|0|0|0|0|0,6|0,6|0,6|0,6|0|0|0|0|0|0|0,6|0,6|0,6|0,6|0,6|0|0|0|0|0,6|0,6|3,6|0|0|0|0|0|0|0|0,2,6|0|0|0,6|0|0|0|0|0,1|0,1|3,1,6|0,1,6|0,1,6|0,1|0,1|0,1|0,1|0,1|0|0|0|0|0,6|0,6|0,6|0|0|0|0,6|0,6|0|3,6|0,6|3,6|0|0|0|0|0|0|0|0|0|0,6|0,6|0,6|0,6|0|0|0|0|0|0|3,6|0,6|0,6|0,6|0,6|0|0|0,1|0,1|3,1,6|0,1,6|3,1,6|0,1|0|0|0|0|0|0|0,2,6|0|0|0,6|0|0|0|0|0|0|0|0|0|0|0|0|0|0|0|0|0|0|0,6|0,6|0,6|0|0|0|0,6|0,6|0|0,6|0,6|3,6|0|0|0|0|0|0|0|0|0|0,6|0,6|0,6|0,6|0|0|0|0|0|0|3,6|0,6|0,6|0,6|0,6|0|0|0|0|3,6|0,6|3,6|0|0|0|0|0|0|0|0,2,6|0|0|0,6|0|0|0|0|0|0|0|0|0|0|0|0|0|0|0|0|0|0|0,6|0,6|0,6|0|0|0|0,6|0,6|0|0,6|0,6|3,6|0|0|0|0|0|0|0|0|0|0,6|0,6|0,6|0,6|0|0|0|0|0|0|3,6|0,6|0,6|0,6|0,6|0|0|0|0|3,6|0,6|0,6|0|0|0|0|0|0|0|3,2,6|0|0|0,6|0|0|0|0|0|0|0|0|0|0|0|0|0|0|0|0|0|0|0,6|0,6|0,6|0|0|0|0,6|0,6|0|0,6|0,6|3,6|0|0|0|0|0|0|0|0|0|0,6|0,6|0,6|0,6|0|0|0|0|0|0,1|3,1,6|0,1,6|0,1,6|0,1,6|0,6|0|0|0|0|3,6|0,6|0,6|0|0|0|0|0|0|0|3,2,6|0|0|0,6|0|0|0|0|0|0|0|0|0|0|0|0|0|0|0|0|0|0|3,6|0,6|0,6|0|0|0|0,6|0,6|0|3,6|0,6|3,6|0|0|0|0|0|0|0|0|0|0,6|0,6|0,6|0,6|0|0|0|0|0|0|3,6|0,6|0,6|0,6|0,6|0|0|0|0|3,6|0,6|0,6|0|0|0|0|0|0|0|3,2,6|0|0|0,6|0|0|0|0|0|0|0|0|0|0|0|0|0|0|0|0|0|0|3,6|0,6|0,6|0|0|0|0,6|0,1,6|0,1|3,1,6|0,1,6|3,1,6|0,1|0|0|0|0|0|0|0|0|0,6|0,6|0,6|0,6|0|0|0|0|0|0|0,6|0,6|0,6|0,6|0,6|0|0|0,2|0,1|3,1,6|0,1,6|0,1,6|0,1|0,1|0,1|0,1|0,1|0,1|0,1|3,1,2,6|0,1|0,1|3,1,6|0,1|0,1|0,1|0,1|0,1|0|0|0|0|0|0|0|0|0|0|0|0|0|3,6|0,6|0,6|0|0|0|0,6|0,6|0|3,6|0,6|3,6|0|0|0|0|0|0|0|0|0|0,6|0,6|0,6|0,6|0|0|0|0|0|0|0,6|0,6|0,6|0,6|0,2,6|0|0|0,2|0|3,6|0,6|0,6|0|0|0|0|0|0|0|3,2,6|0|0|3,6|0|0|0|0|0|0|0|0|0|0|0|0|0|0|0|0|0|0|3,6|0,6|0,6|0|0|0|0,6|0,6|0|3,6|0,6|3,6|0|0|0|0|0|0|0|0|0|0,6|0,6|0,6|0,6|0|0|0|0|0|0|0,6|0,6|0,6|0,6|0,2,6|0|0|0,2|0,2|3,6|0,6|0,6|0|0|0|0|0|0|0|3,6|0|0|3,6|0|0|0|0|0|0|0|0|0|0|0|0|0|0|0,6|0,6|0,6|0,6|0,6|0,6|0,6|0,6|0,6|0,6|0,6|1|1|3,6|0,6|0,6|0|0|0|0|0|0|0|0|0|0,6|0,6|0,6|0,6|0|0|0|0|0|0|0,6|0,6|0,6|0,2,6|0,2,6|0|0|0,2|0,2|0,6|0,6|0,6|0|0|0|0|0|0,1|0,1|3,1,6|0,1|0,1|3,1,6|0,1|0,1|0,1|0,1|0,1|0,1|0,1|0,1|0,1|0,1|0,1|0,1|0,1|0,1|0,1,6|0,6|0,6|0,6|0,6|0,6|0,6|0,6|0,6|0,6|0,6|1|1|3,6|0,6|0,6|0|0|0|0|0|0|0|0|0|0,6|0,6|0,6|0,6|0|0|0|0|0|0|0,6|0,6|0,6|1|1|0|0|1|1|0,6|0,6|0,6|0|0|0|0|0|0|0|0,6|0|0|3,6|0|0|0|0|0|0|0|0|0|0|0|0|0|0|0,6|0,6|1|0|0,6|0,6|0,6|1|1|0,6|0,6|1|1|3,6|0,6|0,6|0|0|0|0|0|0|0|0|0|0,6|0,6|0,6|0,6|0|0|0|0|0|0|1|0,6|0,6|1|1|0|0|1|1|0,6|0,6|0,6|0|0|0|0|0|0|0|0,6|0|0|3,6|0|0|0|0|0|0|0|0|0|0|0|0|0|1|0,6|0,6|1|0|0,6|0,6|0,6|1|1|0|0,6|1|1|3,6|0,6|0,6|0|0|0|0|0|0|0|0|0|0,6|0,6|0,6|0,6|0|0|0|0|1|0|1|0,6|1|1|1|0|0|1|1|0,6|0,6|0,6|0|0|0|0|0|0|0|0,6|0|0|0,6|0|0|0|0|0|0|0|0|0|0,6|0,6|0,6|0,6|1|0,6|0,6|1|1|0,6|0,6|0,6|1|1|0|0,6|1|1|1|2,6|0,6|0|0|0|0|0|0|0|0|0|0,6|0,6|0,6|0,6|0|0|1|1|1|0,6|1|0,6|1|1|1|0|0|1|1|0,6|0,6|0,6|0|0|0|0|0|0|0|0,6|0|0|0,6|0|0|0|0|0|0|0|0|0|0,6|0|0|0|1|0,6|0,6|1|1|1|1|1|1|1|0|0,6|1|1|1|1|2,6|0|0|0|0|0|0|0|0|0|0,6|0,6|0,6|0,6|0|0|1|1|1|0,6|1|0,6|1|1|1|0|0|1|1|1|0,6|0,6|0|0|0|0|0|0|0|0,6|0|0|0,6|0|0|0|0|0|0|0|0|0|0,6|0|1|1|1|0,6|0,6|1|1|1|1|1|1|1|0|0,6|1|1|1|1|1|0|0|0|0|0|0|0|0|0|0,6|0,6|0,6|0,6|0,6|0,6|1|1|1|0|1|0,6|1|1|1|0|0|1|1|1|0,6|0,6|0|0|0|0|0|0|0|0,6|0|0|0,6|0|0|0|0,6|0,6|0,6|0,6|0,6|0,6|0,6|0,6|1|1|1|0,6|0,6|1|1|1|1|1|1|1|0|0,6|1|1|1|1|1|0,6|0,6|0,6|0,6|0,6|0|0|0|0|0,6|0,6|0,6|0,6|0|0,6|1|1|1|0|1|1|1|1|1|0|0|1|1|1|0,6|0,6|0|0|0|0|0|0|0|0,6|0|0|0,6|0|0|0|0,6|0|0|0|0|0|0,6|0|1|1|1|0,6|0,6|1|1|1|1|1|1|1|0|0,6|1|1|1|1|1|0|0|0|0|0,6|0|0|0|0|0,6|0,6|0,6|0,6|0|0,6|1|1|1|0|1|1|1|1|1|0|0|1|1|1|0,6|0,6|0|0|0|0|0|0|0|1|1|1|1|0|0|1|1|1|0|0|0|0|0,6|0|1|1|1|0,6|0,6|1|1|1|1|1|1|1|0|0,6|1|1|1|1|1|1|1|1|1|1|1|1|0|1|1|1|1|1|1|1|1|1|1|0|1|1|1|1|1|0|0|1|1|1|0,6|0,6|0|0|1|1|1|1|1|1|1|1|1|1|1|1|1|1|1|1|1|1|1|1|1|1|1|0,6|0,6|1|1|1|1|1|1|1|0|0,6|1|1|2,6|1|1|1|1|1|1|1|1|1|1|1|1|1|1|1|1|1|1|1|1|0|1|1|1|1|1|0|0|1|1|1|1|1|1|0|1|1|1|1|1|1|1|1|1|1|1|1|1|1|1|1|1|1|1|1|1|1|1|0,6|0,6|1|1|1|1|1|1|1|0|0,6|1|1|0,6|2,6|1|1|1|1|1|1|1|1|1|1|1|1|1|1|1|1|1|1|1|1|1|1|1|1|1|0,6|0,6|1|1|1|1|1|1|1|1|1|1|1|1|1|1|1|1|1|1|1|1|1|1|1|1|1|1|1|1|1|1|1|1|1|1|1|1|1|1|1|0,6|0,6|1|1|1|1|1|1|1|1|1|1|1|1|1|1|1|1|1|1|1|1|1|1|1|1|1|1|1|1|1|0,6|0,6|1|1|1|1|1|1|1|1|1|1|1|1|1|1|1|1|1|1|1|1|1|1|1|1|1|1|1|1|1|1|1|1|1|1|1|1|1|1|1|0,6|0,6|1|1|1|1|1|1|1|1|1|1|1|1|1|1|1|1|1|1|1|1|1|1|1|1|1|1|1|1|1|1|0,6|1|1|1|1|1|1|1|1|1|1|1|1|1|1|1|1|1|1|1|1|1|1|1|1|1|1|1|1|1|1|1|1|1|1|1|1|1|1|1|1|0,6|1|1|1|1|1|1|1|1|1|1|1|1|1|1|1|1|1|1|1|1|1|1|1|1|1|1|1|1|1|1|4,3,6|1|1|1|1|1|1|1|1|1|1|1|1|1|1|1|1|1|1|1|1|1|1|1|1|1|1|1|1|1|1|1|1|1|1|1|1|1|1|1|1|4,3,6|1|1|1|1|1|1|1|1|1|1|1|1|1|1|1|1|1|1|1|1|1|1|1|1|1|1|1|1|1|1|1,3|1|1|1|1|1|1|1|1|1|1|1|1|1|1|1|1|1|1|1|1|1|1|1|1|1|1|1|1|1|1|1|1|1|1|1|1|1|1|1|1|1,3|1|1|1|1|1|1|1|1|1|1|1|1|1|1|1|1|1|1|1|1|1|1|1|1|1|1|1|1|1|1|1,3|1|1|1|1|1|1|1|1|1|1|1|1|1|1|1|1|1|1|1|1|1|1|1|1|1|1|1|1|1|1|1|1|1|1|1|1|1|1|1|1|1,3|1|1|1|1|1|1|1|1|1|1|1|1|1|1|1|1|1|1|1|1|1|1|1|1|1|1|1|1|1|1|1,4,3|1|1|1|1|1|1|1|1|1|1|1|1|1|1|1|1|1|1|1|1|1|1|1|1|1|1|1|1|1|1|1|1|1|1|1|1|1|1|1|1|1,4,3|1|1|1|1|1|1|1|1|1|1|1|1|
