BS_A03
126*68|13|0
3.9453*8.0891|0|0
0,3|1120,3|0,553|1120,553
Border: Solid




0

1|1|1|1|1|1|1|1|1|1|1,4,3|1|1|1|1|1|1|1|1|1|1|1|1|1|1|1|1|1|1|1|1|1|1|1|1|1|1|1|1|1|1|1|1|1|1|1|1|1|1|1,4,3|1|1|1|1|1|1|1|1|1|1|1|1|1|1|1|1|1|1|1|1|1|1|1|1|1|1|1|1|1,3|1|1|1|1|1|1|1|1|1|1|1|1|1|1|1|1|1|1|1|1|1|1|1|1|1|1|1|1|1|1|1|1|1|1|1|1|1|1|1,3|1|1|1|1|1|1|1|1|1|1|1|1|1|1|1|1|1|1|1|1|1|1|1|1|1|1|1|1|1,3|1|1|1|1|1,3|1,3|1,3|1,3|1,3|1,3|1,3|1,3|1,3|1,3|1,3|1,3|1|1|1|1|1|1|1|1|1|1|1|1|1|1|1|1|1|1|1|1|1|1|1,3|1|1|1|1|1|1|1|1|1|1|1|1|1|1|1|1|1|1|1|1|1|1|1|1|1|1|1|1|1,3|1|1|1|1|1,3|1|1|1|1|1|1|1|1|1|1|1,3|1|1|1|1|1|1|1|1|1|1|1|1|1|1|1|1|1|1|1|1|1|1|1,3|1|1|1|1|1|1|1|1|1|1|1|1|1|1|1|1|1|1|1|1|1|1|1|1|1|1|1|1|4,3,6|1|1|1|1|4,3,6|1|1|1|1|1|1|1|1|1|1|4,3|1|1|1|1|1|1|1|1|1|1|1|1|1|1|1|1|1|1|1|1|1|1|4,3,6|1|1|1|1|1|1|1|1|1|1|1|1|1|1|1|1|1|1|1|1|1|1|1|1|1|1|1|1|0,6|1|1|1|1|0,6|1|1|1|1|1|1|1|1|1|1|0,6|1|1|1|1|1|1|1|1|1|1|1|1|1|1|1|1|1|1|1|1|1|1|0,6|1|1|1|1|1|1|1|1|1|1|1|1|1|1|1|1|1|1|1|1|1|1|1|1|1|1|1|0,6|0,6|1|1|1|0,6|0,6|1|1|1|1|1|1|1|1|1|1|0,6|0,6|1|1|1|1|1|1|1|1|1|1|1|0,6|1|1|1|1|1|1|1|1|0,6|0,6|1|1|1|1|1|1|1|1|1|1|1|1|1|1|1|1|1|1|1|1|1|1|1|1|1|1|1|0,6|0,6|1|1|1|0,6|0,6|1|1|1|1|1|1|1|1|1|1|0,6|0,6|1|1|1|1|0,6|0,6|0,6|0,6|1|1|1|0,6|1|1|1|1|1|1|1|1|0,6|0,6|1|1|1|1|1|1|1|1|1|1|1|1|1|1|1|1|1|1|1|1|1|1|1|1|1|1|1|0,6|0,6|1|1|1|0,6|0,6|1|1|1|0,6|0,6|3,6|0,6|3,6|1|1|0,6|0,6|1|1|1|0,6|0,6|0,6|0,6|0,6|0,6|1|0,6|0,6|0,6|0|0|0,6|0,6|0,6|1|1|0,6|0,6|1|1|1|1|1|1|1|1|1|1|1|1|1|1|1|1|1|1|1|1|1|1|1|1|1|1|1|0,6|0,6|1|1|1|0,6|0,6|1|1|1|1|1|1|1|1|1|1|0,6|0,6|1|1|1|0,6|0,6|0,6|0,6|0,6|0,6|1|1|1|1|1|1|1|1|1|1|1|0,6|0,6|1|1|1|1|1|1|1|1|1|1|1|1|1|1|1|1|1|1|1|1|1|1|1|1|1|1|1|0,6|0,6|1|1|1|0|0,6|1|1|1|0,6|0,6|3,6|0,6|3,6|1|1|0,6|0,6|1|1|3,6|0,6|0,6|0|0|0|0|0|0|0,6|0,6|0|0|0|0,6|1|1|1|0,6|0,6|1|1|1|1|1|1|1|1|1|1|1|1|1|1|1|1|1|1|1|1|1|1|1|1|1|1|1|0,6|0,6|1|1|1|0|0|1|1|1|0,1|0,1,6|3,1,6|0,1,6|3,1,6|1|1|0,1,6|0,6|1|1|3,6|0,6|0,6|0|0|0|0|0|0|0,6|0,6|0|0|0|0,6|1|1|1|0,6|0,6|1|1|1|1|1|1|1|1|1|1|1|1|1|1|1|1|1|1|1|1|1|1|1|1|1|1|1|0|0|1|1|1|0|0|1|1|1|0|0,6|3,6|0,6|3,6|0,2,6|0,2,6|0,6|0,6|0,2,6|0,2,6|3,6|0,6|0,6|0,6|0,6|0,6|0,6|0|0|0,6|0,6|0,6|0,6|0,6|0,6|1|1|1|0,6|0,6|1|1|1|1|1|1|1|1|1|1|1|1|1|1|1|1|1|1|1|1|0|1|0|1|1|1|1|0|0|1|1|1|0|0|1|0|0|0|0,6|3,6|0,6|0,6|0,2,6|0|0|0|0,2|0|3,6|0,6|0,6|0|0|0|0,6|0|0|0,6|0,6|0,6|0,6|0,6|0,6|1|1|1|0,6|0,6|1|1|1|1|1|1|1|1|1|1|1|1|1|1|1|1|1|1|1|1|0|1|0|1|1|1|1|0|0|1|1|1|0|0|1|0|0|0|0|3,6|0,6|0,6|0,2|0|0|0|0|0|3,6|0,6|0,6|0|0|0|0,6|0|0|0|0|0|0|0|0,6|1|1|1|0,6|0,6|1|1|1|1|1|1|1|1|1|1|1|1|1|1|1|1|1|1|1|1|0|1|0|1|1|1|1|0|0|1|1|1|0|0|0,2|0|0|0|0|0,6|0,6|0,6|0|0|0|0|0|0,1|3,1,6|0,1,6|3,1,6|0,1|0|0|0,6|0,6|0,6|0,6|0,6|0,6|0,6|0,6|0,6|0,6|1|1|0,6|0,6|1|1|1|1|1|1|1|1|1|1|1|1|1|1|1|1|1|1|1|1|1|1|0|1|1|1|1|0|0|1|1|0,2,6|0|0|0,2|0|0|0|0|0,6|0,6|0,6|0|0|0|0|0|0|3,6|0,6|3,6|0|0|0|0|0|0|0|0|0|0|0|0,6|0|1|1|0,6|0,6|1|1|1|1|1|1|1|1|1|1|1|1|1|1|1|1|1|1|1|1|0|0|0|0|0|1|1|0|0|1|1|0,2|0|0|0,2|0|0|0|0|0,6|0,6|0,6|0|0|0|0|0|0|0,6|0,6|3,6|0|0|0|0|0|0|0|0|0|0|0|0,6|0|1|1|0,6|0,6|1|1|1|1|1|1|1|1|1|1|1|1|1|1|1|1|1|1|0|0|0|0|0|0|0|3,2,6|0,2,6|0|0|3,2,6|0,2,6|0,2|0|0|0,2|0|0|0|0|0,6|0,6|3,6|0|0|0|0|0|0|0,6|0,6|3,6|0|0|0|0|0|0|0|0|0|0|0|0,6|0|0,2|0,2|0,6|0,6|1|1|1|1|1|1|1|1|1|1|1|1|1|1|1|1|1|1|0|0|0|0|0|0|0|3,6|0,2,6|0|0|3,2,6|0,2,6|0,2|0|0|0|0|0|0|0|0,6|0,6|3,6|0|0|0|0|0|0|0,6|0,6|3,6|0|0|0|0|0|0|0|0|0|0|0|0,6|0|0|0,2|0,6|0,6|1|1|1|1|1|1|1|1|1|1|1|1|1|1|1|1|1|1|0|0|0|0|0|0|0|3,6|0,2,6|0|0|3,2,6|0,6|0,2|0|0|0|0|0|0|0|0,6|0,6|3,6|0|0|0|0|0|0|0,6|0,6|3,6|0|0|0|0|0|0|0|0|0|0|0|0,6|0,6|0,6|0,2,6|0,6|0,6|3,6|0,6|0,6|0,6|0,6|0,6|0,6|1|1|1|1|1|1|1|1|1|1|1|0|0|0|0|0,1|0,1|0,1|3,1,6|0,2,1,6|0,1|0,1|3,2,1,6|0,1,6|0,1|0,1|0,1|0,1|0,1|0,1|0,1|0,1|0,1,6|0,6|3,6|0|0|0|0|0|0|0,6|0,6|0,6|0|0|0|0|0|0|0|0|0|0|0|0|0|0|0|0,6|0,6|1|1|1|1|1|1|0,6|1|1|1|1|1|1|1|1|1|1|1|0|0|0|0|0|0|0|3,6|0,2,6|0|0|3,6|0,6|0|0|0|0|0|0|0|0|0,6|0,6|3,6|0|0|0|0|0|0|3,6|0,6|0,6|0|0|0|0|0|0|0|0|0|0|0|0|0|0|0|0,6|0,6|1|1|1|1|1|1|0,6|1|1|1|1|1|1|1|1|1|1|1|0|0|0|0|0|0|0|3,6|0,6|0|0|0,6|0,6|0|0|0|0|0|0|0|0|0,2,6|0,6|3,6|0|0|0|0|0|0,1|3,1,6|0,1,6|0,1,6|0,1|0,1|0,1|0,1|3,1,6|0,1,6|0,1,6|0,1|0,1|0,1|0,1|0,1|0,1|0,1|0|0,6|0,6|0,6|1|1|1|0,6|0,6|0,6|0,6|1|1|1|1|1|1|1|1|1|1|0|0|0|0|0|0|0|3,6|0,6|0|0|0,6|0,6|0|0|0|0|0|0|0|0|3,2,6|0,6|0,6|0|0|0|0|0|0|3,6|0,6|0,6|0|0|0|0|3,6|0,6|0,6|0|0|0|0|0|0|0|0|0,6|0,6|0,6|1|1|0,6|0,6|0,6|0,6|0,6|1|1|1|1|1|1|1|1|1|1|0|0|0|0|0|0|0|3,6|0,6|0|0|0,6|3,6|0|0|0|0|0|0|0|0|3,2,6|0,6|0,6|0|0|0|0|0|0|3,6|0,6|0,6|0|0|0|0|3,6|0,6|0,6|0|0|0|0|0|0|0|0|0,6|0,1,6|0,1,6|1|1|0,1,6|0,1,6|0,1,6|0,1,6|0,1,6|0,1,6|1|1|1|1|1|1|1|1|1|0|0|0|0|0|0|0|0,6|0,6|0|0|0,6|3,6|0|0|0|0|0|0|0|0|3,2,6|0,6|0,6|0|0|0|0|0|0|3,6|0,6|3,6|0|0|0|0|0|0|0|0|0|0|0|0|0|0|0|0,6|0,6|0,6|1|0,6|0,6|0,6|0,6|0,6|0,6|0,6|1|1|1|1|1|1|1|1|1|0|0|0|0|0|0|0|0,6|0,6|0|0|0,6|3,6|0|0|0|0|0|0|0|0|3,2,6|0,6|0,6|0|0|0|0|0|0,1|3,1,6|0,1,6|3,1,6|0,1|0|0|0|0|0|0|0|0|0|0|0|0|0|0|0,6|0,6|0,6|3,6|0,6|0,6|0,6|0,6|0,6|0,1,6|0,1,6|1|1|1|1|1|1|1|1|1|0|0|0|0|0|0|0|3,6|0,6|0|0|0,6|3,6|0|0|0|0|0|0|0|0|3,2,6|0,6|0,6|0|0|0|0|0|0|0,6|0,6|3,6|0|0|0|0|0|0|0|0|0|0|0|0|0|0|0|0,6|0,6|0,6|3,6|0,6|0,6|0,6|0,6|0,6|0,6|0,6|1|1|1|1|1|1|1|1|1|0|0|0|0|0|0,1|0,1|3,1,6|0,1,6|0,1|0,1|3,1,6|3,1,6|0,1|0|0|0|0|0|0|0|3,6|0,6|0,6|0|0|0|0|0|0|0,6|0,6|3,6|0|0|0|0|0|0|0|0|0|0|0|0|0|0|0|0,6|0,6|0,6|3,6|0,6|0,6|0,6|0,6|0,6|0,6|0,6|1|1|1|1|1|1|1|1|1|0|0|0|0|0|0|0|3,6|0,6|0|0|3,6|3,6|0|0|0|0|0|0|0,1|0,1|3,1,6|0,1,6|0,1,6|0,1|0,1|0,1|0,1|0,1|0,1|0,1,6|0,1,6|3,1,6|0,1|0|0|0|0|0|0|0|0|0|0|0|0|0|0|0,6|0,6|0,6|3,6|0,6|0,6|0,6|0,6|0,6|0,6|1|1|1|1|1|1|1|1|1|1|0|0|0|0|0|0|0|3,6|0,6|0|0|3,6|0,6|0|0|0|0|0|0|0|0|3,6|0,6|0,6|0|0|0|0|0|0|0,6|0,6|3,6|0|0|0|0|0|0|0|0|0|0|0|0|0|0|0|0,6|0,6|0,6|0,6|0,6|0,6|0,6|0,6|0,6|0,6|1|1|1|1|1|1|1|1|1|1|0|0|0|0|0|0|0|3,6|0,6|0|0|3,6|0,6|0|0|0|0|0|0|0|0|3,6|0,6|3,6|0|0|0|0|0|0|0,6|0,6|3,6|0|0|0|0|0|0|0|0|0|0|0|0|0|0|0|0,6|0,6|0,6|0,6|0,6|0,6|0,6|0,1,6|0,1,6|0,1,6|1|1|1|1|1|1|1|1|1|1|0|0|0|0|0|0|0|3,6|0,6|0|0|3,6|0,6|0|0|0|0|0|0|0|0|0,6|0,6|3,6|0|0|0|0|0|0|0,6|0,6|3,6|0|0|0|0|0|0|0|0|0|0|0|0|0|0|0|0,6|0,6|0,6|0,6|0,6|0,6|0,6|0,6|0,6|0,6|1|1|1|1|1|1|1|1|1|1|0|0|0|0|0|0|0|0,6|0,6|0|0|0,6|0,6|0|0|0|0|0|0|0|0|0,6|0,6|3,6|0|0|0|0|0|0|0,6|0,6|3,6|0|0|0|0|0|0|0|0|0|0|0|0|0|0|0|0,6|0,6|0,6|0,6|0,6|0,6|0,6|0,6|0,6|1|1|1|1|1|1|1|1|1|1|1|0|0|0|0|0|0|0|0,6|0,6|0|0|0,6|0,6|0|0|0|0|0|0|0,2|0|0,6|0,6|3,6|0|0|0|0|0|0|0,6|0,6|0,6|0|0|0|0|0|0|0|0|0|0|0|0|0|0|0|0,6|0,6|0,6|3,6|0,6|0,6|0,6|0,6|0,6|1|1|1|1|1|1|1|1|1|1|1|0|0|0|0|0|0|0,6|0,6|0,6|0|0|0,6|0,6|0|0|0|0|0|0|0,2|0|0,6|0,6|3,6|0|0|0|0|0|0|0,6|0,6|0,6|0|0|0|0|0|0|0|0|0|0,6|0,6|0|0|0|0|0,6|0,1,6|0,1,6|3,1,6|0,1,6|0,1,6|0,1,6|0,1,6|0,1,6|1|1|1|1|1|1|1|1|1|1|1|0|0|0|0|0|0|0,6|0,6|0,6|0|0|3,6|0,6|0|0|0|0,2|0|0|0,2|0|0,6|0,6|3,6|0|0|0|0|0,1|0,1|3,1,6|0,1,6|0,1,6|0,1|0|0|0|0|0|0|0|0|0|0|0|0|0|0|0,6|0,6|0,6|3,6|0,6|0,6|0,6|0,6|1|1|1|1|1|1|1|1|1|1|1|1|0|0|0|0|0|0|0,6|0,6|0,6|0|0|3,6|0,6|0|0|0|0,2|0|0,1|1|0,1|3,1,6|0,1,6|3,1,6|0,1|0,2,1|0|0|0|0|3,6|0,6|0,6|0|0|0|0|0|0|0|0|0|0|0|0|0|0|0|0,6|0,6|0,6|3,6|0,6|0,6|0,6|1|1|1|1|1|1|1|1|1|1|1|1|1|0|0|0|0,6|0,6|0,6|0,6|0,6|0,2,6|0|0|3,2,6|0,6|0|0|0|1|0|0|1|0|3,6|0,6|3,6|0,2|0,2|0|0|0,2|0|3,6|0,6|0,6|0|0|0|0|0|0|0|0|0|0|0|0|0|0|0|0,6|0,6|0,6|1|0,6|0,6|1|1|1|1|1|1|1|1|1|1|1|1|1|1|0|0|0|0,6|0|0|0,6|0,6|0,2,6|0|0|3,2,6|0,2,6|0|0|0|1|0|0|1|0|3,6|0,6|0,6|0,2|0,2|0|0|0,2|0|3,6|0,6|0,6|0,6|0,6|0,6|0,6|0,6|0,6|0|0|0|0|0|0|0|0,6|0,6|0,6|0,6|0,6|1|0,6|0,6|1|1|1|1|1|1|1|1|1|1|1|1|1|1|0|0|0|0,6|0|0|0,6|0,2,6|0,2,6|0|0|3,2,6|0,2,6|0|0|0|1|0|0|1|0|3,6|0,6|0,6|0,2|0,2|0|0|0,2|0,2|3,6|0,6|0,6|0|0|0|0|0|0,6|0|0|0|0|0|0|0|0,6|0,6|0,6|0,6|0,6|1|0,6|0,6|1|1|1|1|1|1|1|1|1|1|1|1|1|1|0,6|0,6|0,6|0,6|0|1|1|1|1|0,6|0,6|1|1|0|0|0|1|0|0|1|0|3,6|0,6|0,6|1|1|0,6|0,6|1|1|1|1|0,6|0|0|0|0|0|0,6|0|0|0|0|0|0|0|0,6|0,6|0,6|0,6|0,6|1|0,6|0,6|1|1|1|1|1|1|1|1|1|1|1|1|1|1|0|0|0|0|0|1|1|1|1|0,6|0,6|1|1|1|0|0|1|0|0|1|0|3,6|0,6|1|1|1|0,6|0,6|1|1|1|1|0,6|0,6|0,6|0,6|0,6|0,6|0,6|0,6|0,6|0,6|0,6|0,6|0,6|0,6|0,6|0,6|0,6|0,6|0,6|1|0,6|0,6|1|1|1|1|1|1|1|1|1|1|1|1|1|1|1|1|1|1|1|1|1|1|1|0,6|0,6|1|1|1|0|0|1|0|0|1|0|3,6|0,6|1|1|1|0,6|0,6|1|1|1|1|1|1|1|1|1|1|1|1|1|1|1|1|1|1|1|1|1|1|1|1|0,6|0,6|1|1|1|1|1|1|1|1|1|1|1|1|1|1|1|1|1|1|1|1|1|1|1|0,6|0,6|1|1|1|1|1|1|0|0|1|1|1|1|1|1|1|0,6|0,6|1|1|1|1|1|1|1|1|1|1|1|1|1|1|1|1|1|1|1|1|1|1|1|1|0,6|0,6|1|1|1|1|1|1|1|1|1|1|1|1|1|1|1|1|1|1|1|1|1|1|1|0,6|0,6|1|1|1|1|1|1|1|1|1|1|1|1|1|1|1|0,6|0,6|1|1|1|1|1|1|1|1|1|1|1|1|1|1|1|1|1|1|1|1|1|1|1|1|0,6|0,6|1|1|1|1|1|1|1|1|1|1|1|1|1|1|1|1|1|1|1|1|1|1|1|0,6|0,6|1|1|1|1|1|1|1|1|1|1|1|1|1|1|1|0,6|0,6|1|1|1|1|1|1|1|1|1|1|1|1|1|1|1|1|1|1|1|1|1|1|1|1|0,6|0,6|1|1|1|1|1|1|1|1|1|1|1|1|1|1|1|1|1|1|1|1|1|1|1|0,6|0,6|1|1|1|1|1|1|1|1|1|1|1|1|1|1|1|0,6|0,6|1|1|1|1|1|1|1|1|1|1|1|1|1|1|1|1|1|1|1|1|1|1|1|1|0,6|0,6|1|1|1|1|1|1|1|1|1|1|1|1|1|1|1|1|1|1,5,3|1|1|1|1|1|0,6|0,6|1|1|1|1|1|1|1|1|1|1|1|1|1|1|1|0,6|0,6|1|1|1|1|1|1|1|1|1|1|1|1|1|1|1|1|1|1|1|1|1|1|1|1|0,6|0,6|1|1|1|1|1|1|1|1|1|1|1|1|1|1|1|1|1|4,3|1|1|1|1|1|0,6|0,6|1|1|1|1|1|1|1|1|1|1|1|1|1|1|1|0,6|0,6|1|1|1|1|1|1|0,6|1|1|1|1|1|1|1|1|1|1|1|1|1|1|1|1|1|0,6|0,6|1|1|1|1|1|1|1|1|1|1|1|1|1|1|0|0|1|0|1|0,6|1|1|1|0,6|0,6|1|1|1|1|1|1|1|1|1|1|1|1|1|1|1|0,6|0,6|1|1|0,6|0,6|0,6|0|0,6|1|0|0,6|0,6|0,6|0,6|0,6|1|0,6|0,6|0,6|0,6|0,6|1|1|1|1|0,6|0,6|1|1|1|1|1|1|1|1|1|1|1|1|1|1|0|0|1|0|1|0,6|1|1|1|0,6|0,6|1|1|0|0|0,6|0,6|0,6|1|1|1|1|1|1|1|1|0,6|0,6|1|1|1|1|1|1|1|1|0|0,6|0,6|0,6|0,6|0,6|1|1|1|1|1|1|1|1|1|1|0,6|0,6|1|1|1|1|1|1|1|1|1|1|1|1|1|1|0|0|1|0|1|0,6|0|1|1|0,6|0,6|1|1|0|0|0,6|0,6|0|0|0|0|3,2,6|0,6|3,6|1|1|0,6|0,6|1|1|3,6|0,6|0,6|0|0,6|0,6|0|0|0|0|0|0,6|0|0|0|0|0,6|0,6|1|1|1|1|0,6|0,6|1|1|1|1|1|1|1|1|1|1|1|1|1|1|0|0|1|0|1|0,6|0|0,2,6|0,6|0|0|0,2,6|3,2,6|0|0|0,6|0,6|0|0|0|0|3,2,6|0,6|3,6|0,2|0,2|0|0|0,2|0,2|3,6|0,6|0,6|0,6|0,6|0,6|0,6|0,6|0,6|0,6|0,6|0,6|0|0|0|0|0,6|0,6|0,6|0,6|1|1|0,6|0,6|1|1|1|1|1|1|1|1|1|1|1|1|1|1|0|0|1|0|1|0,6|0|0,2,6|0,6|0|0|0,2,6|3,6|0|0|0,6|0,6|0|0|0|0|3,2,6|0,6|3,6|0|0,2|0|0|0,2|0,2|3,6|0,6|0,6|0|0,6|0,6|0|0|0|0|0|0|0|0|0|0|0,6|0,6|0,6|0,6|0,6|0,6|0,6|0,6|0,6|1|1|0,6|0,6|1|1|1|1|1|1|1|1|1|0|0|1|0|1|0,6|0|0,2,6|0,6|0|0|0,2,6|3,6|0|0|0,6|0|0|0|0|0|3,2,6|0,6|0,6|0|0,2|0|0|0,2|0|3,6|0,6|3,6|0|0,6|0,6|0|0|0|0|0|0|0|0|0|0|0|0|0,6|0,6|0,6|0,6|0,6|0,6|0,6|1|1|0,6|0,6|0,6|1|1|1|1|1|1|1|1|0|0|0,2|0|1|0,6|0|3,6|0,6|0|0|0,2,6|3,6|0|0|0,6|0|0|0|0|0|3,2,6|0,6|0,6|0|0|0|0|0,2|0,1|3,1,6|0,1,6|3,1,6|0,1|0,6|0,6|0|0|0|0|0|0|0|0|0|0|0|0|0,6|0,6|0,6|0,6|0,6|0,6|0,6|1|1|1|1|1|1|1|1|1|1|1|1|1|0|0|0,2|0|0,2,6|0,6|0|3,6|0,6|0|0|0,6|3,6|0|0|0,6|0|0|0|0|0|0,2,6|0,6|0,6|0|0|0|0|0|0|3,6|0,6|3,6|0|0,6|0,6|0|0|0|0|0|0|0|0|0|0|0|0|0,6|0,6|0,6|0,6|0,6|0,6|0,6|1|1|1|1|1|1|1|1|1|1|1|1|1|0|0|0|0|0,2,6|0,6|0,6|3,6|0,6|0|0|0,6|3,6|0|0|0|0|0|0|0|0|0,6|0,6|0,6|0|0|0|0|0|0|0,6|0,6|3,6|0|0,6|0,6|0|0|0|0|0|0|0|0|0|0|0|0|0,6|0,6|0,6|0,6|0,6|0,6|0,6|0,6|0,6|0,6|0,6|0,6|0,6|1|1|1|1|1|1|1|0|0|0|0|0,6|0,6|0,6|3,6|0,6|0|0|0,6|0,6|0|0|0|0|0|0|0|0|0,6|0,6|3,6|0|0|0|0|0,6|0,6|0,6|0,6|3,6|0,6|0,6|0,6|0|0|0|0|0|0|0|0|0|0|0|0|0,6|0,6|0,6|0,6|0,6|0,6|0,6|0,6|0,6|0,6|0,6|0,6|0,6|0,6|1|1|1|1|1|1|0|0|0|0|0|0,1|0,1|3,1,6|0,1,6|0,1|0,1|0,1,6|0,1,6|0,1|0,1|0,1|0,1|0,1|0,1|0,1|0,1|0,1,6|0,1,6|3,1,6|0,1|0|0|0|0,6|0,6|0,6|0,6|3,6|0,6|0,6|0,6|0|0|0|0|0|0|0|0|0|0|0|0|0,6|0,6|0,6|0,6|0,6|0,6|0,6|0,6|0,6|0,6|0,6|0,6|0,6|0,6|1|1|1|1|1|1|0|0|0|0|0|0|0|3,6|0,6|0|0|0,6|0,6|0|0|0|0|0|0|0|0|0,6|0,6|3,6|0|0|0|0|0,6|0,6|0,6|0,6|0,6|0|0|0|0|0|0|0|0|0|0|0|0|0|0|0|0,6|0,6|0,6|0,6|0,6|0,6|0,6|0,6|0,6|0,6|0,6|0,6|0,6|0,6|1|1|1|1|1|1|0|0|0|0|0|0|0|3,6|0,6|0|0|3,6|0,6|0|0|0|0|0|0|0|0|0,6|0,6|3,6|0|0|0|0|0,6|0,6|0,6|0,6|0,6|0|0|0|0|0|0|0|0|0|0|0|0|0|0|0|0,6|0,6|0,6|0,6|0,6|0,6|0,6|0,6|0,6|0,6|0,6|0,6|0,6|0,6|1|1|1|1|1|1|0|0|0|0|0|0|0|3,6|0,6|0|0|3,6|0,6|0|0|0|0|0|0|0|0,1|3,1,6|0,1,6|3,1,6|0|0|0|0|0,6|0,6|0,6|0,6|0,6|0|0|0|0|0|0|0|0|0|0|0|0|0|0|0|0,6|0,6|0,6|0,6|0,6|0,6|0,6|0,6|0,6|0,6|0,6|0,6|0,6|0,6|1|1|1|1|1|1|0|0|0|0|0|0|0|0,6|0,6|0|0|3,6|0,6|0|0|0|0|0|0|0|0|3,6|0,6|3,6|0|0|0|0|0,6|0,6|0,6|0,6|3,6|0|0|0|0|0|0|0|0|0|0|0|0|0|0|0|0,6|0,6|0,6|0,6|0,6|0,6|0,6|0,6|0,6|0,6|0,6|0,6|0,6|1|1|1|1|1|1|1|0|0|0|0|0|0|0|0,6|0,6|0|0|3,6|0,6|0|0|0|0|0|0|0|0|3,6|0,6|0,6|0|0|0|0|0,6|0,6|0,6|0,6|3,6|0|0|0|0|0|0|0|0|0|0|0|0|0|0|0|0,6|0,6|0,6|0,6|0,6|0,6|0,6|0,6|0,6|0,6|1|0,6|0,6|1|1|1|1|1|1|1|0|0|0|0|0|0|0|0,6|0,6|0|0|3,6|0,6|0|0|0|0|0|0|0|0|3,6|0,6|0,6|0|0|0|0|0,6|0,6|3,6|0,6|3,6|0|0|0|0|0|0|0|0|0,6|0,6|0|0|0|0|0|0,6|0,6|0,6|0,6|0,6|0,6|0,6|0,6|0,6|0,6|1|0,6|0,6|1|1|1|1|1|1|1|0|0|0|0|0|0|0|3,6|0,6|0|0|3,6|0,6|0|0|0|0|0|0|0,1|0,1|3,1,6|0,1,6|0,1,6|0,1|0,1|0,1|0,1|0,1,6|0,1,6|3,1,6|0,1,6|3,1,6|0,1|0|0|0|0|0|0|0|0|0|0|0|0|0|0|0,6|0,6|0,6|0,6|0,6|0,6|0,6|0,6|0,6|0,6|1|0,6|0,6|1|1|1|1|1|1|1|0|0|0|0|0|0|0|3,6|0,6|0|0|0,6|0,6|0|0,2|0|0|0|0|0|0|0,6|0,6|3,6|0|0|0|0|0,6|0,6|3,6|0,6|3,6|0|0|0|0|0|0|0|0|0|0|0|0|0|0|0|0,6|0,6|0,6|0,6|0,6|0,6|0,6|0,6|0,6|0,6|1|0,6|0,6|1|1|1|1|1|1|1|0|0|0|0|0|0|0|3,6|0,6|0|0|0,6|3,6|0|0,2|0|0|0,2|0|0|0|0,6|0,6|3,6|0|0|0|0|0,6|0,6|3,6|0,6|0,6|0|0|0|0|0|0|0|0|0|0|0|0|0|0|0|0,6|0,6|0,6|0,6|0,6|0,6|0,6|0,6|0,6|0,6|1|0,6|0,6|1|1|1|1|1|1|1|0|0|0|0|0|0|0|3,2,6|0,6|0|0|0,6|3,6|0,1|0,2,1|0,1|0,1|0,2,1|0,1|0,1|0|0,6|0,6|3,6|0|0|0|0|0,6|0,6|3,6|0,6|0,6|0|0|0|0|0|0|0|0|0|0|0|0|0|0|0|0,6|0,6|0,6|0,6|0,6|0,6|0,6|0,6|0,6|0,6|1|0,6|0,6|1|1|1|1|1|1|1|0|0|0|0|0|0|0|3,2,6|0,6|0|0|0,6|3,6|0|1|0|0|0,2|0|0|0|0,6|0,6|3,6|0,6|0|0|0|0,2,6|0,6|3,6|0,6|0,6|0|0|0|0|0|0|0,6|0,6|0,6|0,6|0,6|0,6|0,6|0,6|0,6|0,6|0,6|0,6|0,6|0,6|0,6|0,6|0,6|0,6|0,6|1|0,6|0,6|1|1|1|1|1|1|1|0|0|0|0|0|0|0|3,2,6|0,6|0|0|0,6|3,6|0|1|0|0|1|0|0|0|0,6|0,6|3,6|0,6|0,2|0|0|0,2,6|0,2,6|3,6|0,6|0,6|0|0|0|0|0|0|0,6|0|0|0|0|0|0|0|0|0,6|0,6|0,6|0,6|0,6|0,6|0,6|0,6|0,6|0,6|1|0,6|1|1|1|1|1|1|1|1|0|0|0|0|0|0|0|0,2,6|0,6|0|0|0,6|3,6|0|1|0|0|1|0|0,6|0|3,6|0,6|3,6|0,2,6|0,2|0|0|0,2,6|0,2,6|3,6|0,6|3,6|0|0|0|0|0|0|0,6|0|0|0,6|0,6|0,6|0,6|0,6|0,6|0,6|0,6|0,6|0,6|0,6|0,6|0,6|0,6|0,6|0,6|1|0,6|1|1|1|1|1|1|1|1|0|0|0|0|0|0|0,6|0,2,6|0,2,6|0|0|0,6|3,6|0|1|0|0|1|0|0,6|0|3,6|0,6|3,6|1|1|0|0|1|1|3,6|0,6|3,6|0|0|0|0|0|0|0,6|0|0|0,6|0|0|0|0|0|0,6|0,6|0,6|0,6|0,6|0,6|0,6|0,6|0,6|0,6|0,6|0,6|1|1|1|1|1|1|1|1|0|0|0|0|0|0|0,6|0,2,6|0,2,6|0|0|0,2,6|3,6|0|1|0|0|1|0|0,6|0|3,6|0,6|3,6|1|1|0|0|1|1|1|1|3,6|0|0|0|0|0|0|0,6|0|0|0,6|0|0|0|0,6|0,6|0,6|0,6|0,6|0,6|0,6|0,6|0,6|0,6|0,6|0,6|0,6|0,6|1|1|1|1|1|1|1|1|0|0|0|0|0|0|0,6|0,2,6|0,2,6|0|0|0,2,6|3,2,6|0|1|0|0|1|0|0,6|0|3,6|0,6|1|1|1|0|0|1|1|1|1|3,6|0,6|0,6|0,6|0,6|0,6|0,6|0,6|0,6|0,6|0,6|0|0|0|0,6|0,6|0,6|0,6|0,6|0,6|0,6|0,6|0,6|0,6|0,6|0,6|0,6|0,6|1|1|1|1|1|1|1|1|0,6|0,6|0,6|0,6|0,6|0,6|0,6|1|1|0,6|0,6|1|1|0|1|0|0|1|0|0,6|0|3,6|0,6|1|1|1|0,6|0,6|1|1|1|1|3,6|0|0|0|0|0|0|0,6|0|0|0|0|0|0|0,6|0,6|0,6|0,6|0,6|0,6|0,6|0,6|0,6|0,6|0,6|0,6|0,6|1|1|1|1|1|1|1|1|1|1|1|1|1|1|1|1|1|1|0,6|0,6|1|1|1|1|0|0|1|0|0,6|0|3,6|0,6|1|1|1|0,6|0|1|1|1|1|1|1|1|1|1|1|1|1|1|1|1|0,6|0,6|0,6|0,6|0,6|0,6|0,6|0,6|0,6|0,6|1|1|1|0,6|0,6|0,6|1|1|1|1|1|1|1|1|1|1|1|1|1|1|1|1|1|1|0,6|0,6|1|1|1|1|0|0|1|1|1|1|1|1|1|1|1|0,6|0|1|1|1|1|1|1|1|1|1|1|1|1|1|1|1|0,6|0,6|0,6|0,6|0,6|1|1|1|1|1|1|1|1|1|0,6|1|1|1|1|1|1|1|1|1|1|1|1|1|1|1|1|1|1|1|0,6|0,6|1|1|1|1|1|1|1|1|1|1|1|1|1|1|1|0,6|0,6|1|1|1|1|1|1|1|1|1|1|1|1|1|1|1|1|1|1|1|1|1|1|1|1|1|1|1|1|1|4,3,6|1|1|1|1|1|1|1|1|1|1|1|1|1|1|1|1|1|1|1|0,6|0,6|1|1|1|1|1|1|1|1|1|1|1|1|1|1|1|0,6|0,6|1|1|1|1|1|1|1|1|1|1|1|1|1|1|1|1|1|1|1|1|1|1|1|1|1|1|1|1|1|1,3|1|1|1|1|1|1|1|1|1|1|1|1|1|1|1|1|1|1|1|0,6|0,6|1|1|1|1|1|1|1|1|1|1|1|1|1|1|1|0,6|0,6|1|1|1|1|1|1|1|1|1|1|1|1|1|1|1|1|1|1|1|1|1|1|1|1|1|1|1|1|1|1,3|1|1|1|1|1|1|1|1|1|1|1|1|1|1|1|1|1|1|1|0,6|0,6|1|1|1|1|1|1|1|1|1|1|1|1|1|1|1|0,6|0,6|1|1|1|1|1|1|1|1|1|1|1|1|1|1|1|1|1|1|1|1|1|1|1|1|1|1|1|1|1|1,3|1|1|1|1|1|1|1|1|1|1|1|1|1|1|1|1|1|1|1|0,6|0,6|1|1|1|1|1|1|1|1|1|1|1|1|1|1|1|0,6|0,6|1|1|1|1|1|1|1|1|1|1|1|1|1|1|1|1|1|1|1|1|1|1|1|1|1|1|1|1|1|1,3|1|1|1|1|1|1|1|1|1|1|1|1|1|1|1|1|1|1|1|0,6|0,6|1|1|1|1|1|1|1|1|1|1|1|1|1|1|1|0,6|0,6|1|1|1|1|1|1|1|1|1|1|1|1|1|1|1|1|1|1|1|1|1|1|1|1|1|1|1|1|1|4,3,6|1|1|1|1|1|1|1|1|1|1|0|1|1|1|1|1|1|1|1|0,6|0,6|1|1|1|1|0,6|0,6|1|1|1|1|1|1|1|1|1|0,6|0|1|1|1|1|1|1|1|1|1|1|1|0|0,6|0,6|1|1|1|1|1|1|1|0,6|1|1|1|1|1|1|1|0,6|1|1|1|1|1|1|1|1|1|1|0|0|0|0|0|0|1|1|1|0,6|0,6|1|1|0,6|1|0,6|0,6|1|1|0,6|0,6|3,6|0,6|1|1|1|0|0|1|1|1|0,6|3,6|0,6|0,6|0,6|0,6|0,6|0,6|0,6|0,6|0,6|0,6|0,6|0,6|0,6|0,6|0,6|3,6|0,6|1|1|1|1|1|1|1|0,6|1|1|1|1|1|1|1|1|1|1|0|0|0|0|0|0|1|1|1|0,6|0,6|1|1|0,6|1|0,6|0,6|1|1|0,6|0,6|3,6|0,6|1|1|1|0|0|1|1|1|0,6|3,6|0|0|0|0|0|0|0|0,6|0,6|0|0|0,6|0|0|0|3,6|0,6|0,6|0,6|3,6|0,6|3,6|0,6|0,6|0,6|0,6|1|1|1|1|1|1|1|1|1|0|0|0|0|0|0|0|0,2,6|0,2,6|0|0|3,2,6|0,2,6|0,6|1|0,6|0,6|1|0|0,6|0,6|3,6|0,6|1|1|1|0|0|1|1|1|0,6|3,6|0|0|0|0|0|0|0|0,6|0,6|0,6|0,6|0,6|0,6|0,6|0,6|3,6|0,6|0,6|0,6|3,6|0,6|3,6|0,6|0,6|0,6|0,6|1|1|1|1|1|1|1|1|1|0|0|0|0|0|0|0|0,2,6|0,2,6|0|0|3,2,6|0,2,6|0,6|0,2|0|0|1|0|0,6|0,6|3,6|0,6|1|1|1|0|0|1|1|1|0,6|3,6|0|0|0|0|0|0|0|0,6|0,6|0,6|0,6|0,6|0,6|0,1,6|0,1,6|3,1,6|0,1,6|0,1,6|0,1,6|0,1,6|0,1,6|3,1,6|0,1,6|0,1,6|0,1,6|0,1,6|0,1,6|1|1|1|1|1|1|1|1|0|0|0|0|0|0|0|0,2,6|0,2,6|0|0|3,2,6|0,2,6|0,6|0,2|0|0|0,2|0|0,6|0,6|0,6|0,6|0,2,6|1|1|0|0|1|1|0,6|0,6|3,6|0|0|0|0|0|0|0|0|0|0|0|0,6|0|0|0|3,6|0,6|0,6|0,6|0,6|0,6|3,6|0,6|0,6|0,6|0,6|0,6|1|1|1|1|1|1|1|1|0|0|0|0|0|0|0|0,6|0,2,6|0|0|1|1|0,6|0,2|0|0|0,2|0|0,6|0,6|0,6|0,6|0,2,6|0,6|0,6|0,6|0,6|3,2,6|0,2,6|0,6|0,6|3,6|0|0|0|0|0|0|0|0|0|0|0|0,6|0|0|0|3,6|0,6|0,6|0,6|0,6|0,6|3,6|0,6|0,6|0,6|0,6|0,6|1|1|1|1|1|1|1|1|0|0|0|0|0|0|0|0,6|0,2,6|0|0|1|1|0|0|0|0|0,2|0|0,6|0,6|0,6|0,6|0,2,6|0,6|0,6|0,6|0,6|3,2,6|0,2,6|0,6|0,6|0,6|0|0|0|0|0|0|0|0|0|0|0|0,6|0,6|0,6|0,6|3,6|0,6|0,6|0,6|0,6|0,6|0,6|0,6|0,6|0,6|0,6|1|1|1|1|1|1|1|1|1|0|0|0|0|0|0|0|0,6|0,2,6|0|0|1|1|0|0|0|0|0,2|0|0|0|0,6|0,6|0,2,6|0|0|0|0|3,2|0,2|0,6|0,6|0,6|0|0|0|0|0|0|0|0|0|0|0|0|0|0|0|3,6|0,6|0,6|0,6|0,6|0,6|0,6|0,6|0,6|0,6|0,6|1|1|1|1|1|1|1|1|1|0|0|0|0|0|0|0|0,6|0,2,6|0|0|1|1|0|0|0|0|0,2|0|0|0|0,6|0,6|0,2,6|0|0|0|0|3,2|0,2|0,6|0,6|0,6|0|0|0|0|0|0|0|0,6|0,6|0|0|0|0|0|0|3,6|0,6|0,1,6|0,1,6|0,1,6|0,1,6|0,1,6|0,1,6|0,1,6|0,1,6|1|1|1|1|1|1|1|1|1|1|0|0|0|0|0|0|0|0,6|0,2,6|0,1|0,1|3,2,1,6|0,2,1,6|0,1|0,1|0,1|0,1|0,1,2|0,1|0,1|0,1|0,1,6|0,1,6|0,2,1,6|0,1|0,1|0|0|1|1|0,6|0,6|0,6|0|0|0|0|0|0|0|0|0|0|0|0|0|0|0|3,6|0,6|0,6|0,6|0,6|0,6|3,6|0,6|0,6|0,6|1|1|1|1|1|1|1|1|1|1|0|0|0|0|0|0|0|0,6|0,2,6|0|0|3,2,6|0,2,6|0|0|0|0|0,2|0|0|0|0,6|0,6|0,2,6|0|0|0|0|1|1|0,6|0,6|0,6|0|0|0|0|0|0|0|0|0|0|0|0|0|0|0|3,6|0,6|0,6|0,6|3,6|0,6|3,6|0,6|0,6|0,6|1|1|1|1|1|1|1|1|1|1|0|0|0|0|0|0|0|0,6|0,6|0|0|3,2,6|0,6|0|0|0|0|0|0|0|0|0,6|0,6|1|0|0|0|0|1|1|0,6|0,6|0,6|0|0|0|0|0|0|0|0|0|0|0|0|0|0,1|0,1|3,1,6|0,1,6|0,1,6|0,1,6|3,1,6|0,1,6|3,1,6|0,1,6|0,1,6|1|1|1|1|1|1|1|1|1|1|1|0|0|0|0|0|0|0|0,6|0,6|0|0|3,2,6|0,6|0|0|0|0|0|0|0|0|0,6|0,6|3,2,6|0|0|0|0|1|1|0,6|0,6|0,6|0|0|0|0|0|0|0|0|0|0|0|0|0|0|0|3,6|0,6|0,6|0,6|3,6|0,6|3,6|0,6|1|1|1|1|1|1|1|1|1|1|1|1|0|0|0|0|0|0|0|0,6|0,6|0|0|0,2,6|0,6|0|0|0|0|0|0|0|0|0,6|0,6|3,2,6|0|0|0|0|0,2|0,2|0,6|0,6|0,6|0|0|0|0|0|0|0|0|0|0|0|0|0|0|0|3,6|0,6|0,6|0,6|3,6|0,6|3,6|0,6|1|1|1|1|1|1|1|1|1|1|1|1|0|0|0,6|0|0|0|0|0,6|0,6|0|0|0,2,6|0,6|0|0|0|0|0|0|0|0|0,6|0,6|3,2,6|0|0|0|0|0,2|0,2|0,6|0,6|3,6|0|0|0|0|0|0|0|0|0|0|0|0|0|0|0|0,6|0,6|0,6|0,6|3,6|0,6|3,6|0,6|1|1|1|1|1|1|1|1|1|1|1|1|0,6|0|0,6|0|0|0|0|0,6|0,6|0|0|0,2,6|0,6|0|0,2|0|0|0|0|0|0|3,6|0,6|1|0|0|0|0|1|0,2|0,6|0,6|3,6|0|0|0|0|0|0|0|0|0|0|0|0|0|0|0|0,6|0,6|0,6|0,6|3,6|0,6|3,6|1|1|1|1|1|1|1|1|1|1|1|1|1|0,6|0|0,6|0,6|0|0|0|0,6|0,6|0|0|0,2,6|0,6|0|0,2|0|0|0|0|0|0|3,6|0,6|0,2,6|0|0|0|0|1|0,2|0,6|0,6|3,6|0|0|0|3,6|0,6|0,6|0|0|0|0|0|0|0|0|0|3,6|0,6|0,6|0,6|0,6|0,6|3,6|1|1|1|1|1|1|1|1|1|1|1|1|1|0,6|0|0,6|0,6|0|0|0,1|0,1,6|0,2,1,6|0,1|0,1|3,2,1,6|0,2,1,6|0,1|0,2,1|0,1|0,1|0,1|0,1|0,1|0,1|3,1,6|0,1,6|0,2,1,6|0,1|0,1|0,1|0,1|0,2,1|0,2,1|0,1,6|0,1,6|3,1,6|0,1|0,1|0,1|3,1,6|0,1,6|0,1,6|0|0|0|0|0|0|0|0|0|3,6|0,6|0,6|0,6|0,1,6|0,1,6|3,1,6|1|1|1|1|1|1|1|1|1|1|1|1|1|0,6|0|0,6|0,6|0,6|0,6|0|0,6|0,2,6|0|0|3,2,6|0,2,6|0|0,2|0|0|0|0|0|0|3,6|0,6|0,2,6|0|0|0|0|0,2|0,2|0,6|0,6|3,6|0|0|0,1|3,1,6|0,1,6|0,1,6|0,1|0,1|0,1|0,1|0,1|0,1|0,1|0,1|0,1|3,1,6|0,1,6|0,1,6|0,1,6|0,1,6|0,1,6|1|1|1|1|1|1|1|1|1|1|1|1|1|1|0,6|0,6|1|1|1|0,6|0|0,2,6|0,2,6|0|0|3,2,6|0,2,6|0,6|0,2|0|0|0,2|0|0|0|3,6|0,6|1|1|0,6|0,6|1|1|0,2,6|0,6|0,6|3,6|0|0|0|0|0|0|0|0|0|0|0|0|0|0|0|3,6|0,6|0,6|0,6|1|1|1|1|1|1|1|1|1|1|1|1|1|1|1|1|0,6|0,6|1|1|1|0,6|0|1|1|0,6|0,6|1|1|0,6|0,2|0|0|0,2|0|0,6|0,6|3,6|0,6|1|1|0,6|0,6|1|1|1|1|1|1|1|0|0|0|0|0|0|0|0|0|0|0|0|0|0|3,6|0,6|0,6|0,6|1|1|1|1|1|1|1|1|1|1|1|1|1|1|1|1|0,6|0,6|1|1|1|0,6|0|1|1|0,6|0,6|1|1|1|0,2|0|0|0,2|0|0,6|0,6|0,6|0,6|1|1|0,6|0,6|1|1|1|1|1|1|1|0|0|0|0|0|0|0|0|0|0|0|0|0|0|3,6|0,6|0,6|0,6|1|1|1|1|1|1|1|1|1|1|1|1|1|1|1|1|0,6|0,6|1|1|1|1|1|1|1|0,6|0,6|1|1|1|0,2|0|0|0,2|0|0,6|0,6|0,6|0,6|1|1|0,6|0,6|1|1|1|1|1|1|1|0,6|0|0|0|0|0|0|0|0,6|0,6|0,6|0,6|0,6|0,6|0,6|0,6|0,6|0,6|1|1|1|1|1|1|1|1|1|1|1|1|1|1|1|1|0,6|0,6|1|1|1|1|1|1|1|0,6|0,6|1|1|1|1|0,6|0,6|1|0|0,6|0,6|0,6|0,6|1|1|0,6|0,6|1|1|1|1|1|1|1|0,6|0|0|0|0|0|0|0|0,6|0|0|0|0|0|0,6|0,6|0,1,6|0,1,6|1|1|1|1|1|1|1|1|1|1|1|1|1|1|1|1|0,6|0,6|1|1|1|1|1|1|1|0,6|0,6|1|1|1|1|0,6|0,6|1|1|1|0,6|0,6|0,6|1|1|0,6|0,6|1|1|0,2,6|1|1|1|1|0,6|0|0|0|0|0|0|0|0,6|0|0|0|0|0|0,6|0,6|0,6|0,6|1|1|1|1|1|1|1|1|1|1|1|1|1|1|1|1|0,6|0,6|1|1|1|1|1|1|1|0,6|0,6|1|1|1|1|0,6|0,6|1|1|1|0,6|3,6|0,6|1|1|0,6|0,6|1|1|0,2,6|1|1|1|1|0,6|0,6|0,6|0,6|0,6|0,6|0,6|0,6|0,6|0,6|0,6|0,6|0,6|0|0,6|0,6|0,6|0,6|1|1|1|1|1|1|1|1|1|1|1|1|1|1|1|1|0,6|0,6|1|1|1|1|1|1|1|0,6|0,6|1|1|1|1|0,6|0,6|1|1|1|0,6|3,6|1|1|1|0,6|0,6|1|1|0,2,6|1|1|1|1|1|1|1|1|1|1|1|1|1|1|1|1|1|1|1|0,6|0,6|1|1|1|1|1|1|1|1|1|1|1|1|1|1|1|1|1|0,6|0,6|1|1|1|1|1|1|1|0,6|0,6|1|1|1|1|0,6|0,6|1|1|1|0,6|3,6|1|1|1|0,6|0,6|1|1|0,2,6|1|1|1|1|1|1|1|1|1|1|1|1|1|1|1|1|1|1|1|0,6|0,6|1|1|1|1|1|1|1|1|1|1|1|1|1|1|1|1|1|0,6|0,6|1|1|1|1|1|1|1|0,6|0,6|1|1|1|1|0,6|0,6|1|1|1|0,6|3,6|1|1|1|0,6|0,6|1|1|0,2|1|1|1|1|1|1|1|1|1|1|1|1|1|1|1|1|1|1|1|0,6|0,6|1|1|1|1|1|1|1|1|1|1|1|1|1|1|1|1|1|0,6|0,6|1|1|1|1|1|1|1|0,6|0,6|1|1|1|1|0,6|0,6|1|1|1|1|1|1|1|1|0,6|0,6|1|1|0,2|1|1|1|1|1|1|1|1|1|1|1|1|1|1|1|1|1|1|1|0,6|0,6|1|1|1|1|1|1|1|1|1|1|1|1|1|1|1|1|1|0,6|0,6|1|1|1|1|1|1|1|0,6|0,6|1|1|1|1|0,6|0,6|1|1|1|1|1|1|1|1|0,6|0,6|1|1|0,2|0,6|0,6|0,6|0,6|0,6|0,6|0,6|0,6|0,6|0,6|0,6|0,6|0,6|0,6|0,6|1|1|1|1|0,6|0,6|1|1|1|1|1|1|1|1|1|1|1|1|1|1|1|1|1|1|1|1|1|1|1|1|1|1|0,6|0,6|1|1|1|1|1|0,6|1|1|1|1|1|1|1|1|1|0,6|1|1|1|1|1|1|1|1|1|1|1|1|1|1|1|1|1|1|1|1|1|1|1|0,6|1|1|1|1|1|1|1|1|1|1|1|1|1|1|1|1|1|1|1|1|1|1|1|1|1|1|1|0,6|1|1|1|1|1|4,3,6|1|1|1|1|1|1|1|1|1|4,3,6|1|1|1|1|1|1|1|1|1|1|1|1|1|1|1|1|1|1|1|1|1|1|1|4,3,6|1|1|1|1|1|1|1|1|1|1|1|1|1|1|1|1|1|1|1|1|1|1|1|1|1|1|1|4,3,6|1|1|1|1|1|1,3|1|1|1|1|1|1|1|1|1|1,3|1|1|1|1|1|1|1|1|1|1|1|1|1|1|1|1|1|1|1|1|1|1|1|1,3|1|1|1|1|1|1|1|1|1|1|1|1|1|1|1|1|1|1|1|1|1|1|1|1|1|1|1|1,3|1|1|1|1|1|1,3|1,3|1,3|1,3|1,3|1,3|1,3|1,3|1,3|1,3|1,3|1|1|1|1|1|1|1|1|1|1|1|1|1|1|1|1|1|1|1|1|1|1|1|1,3|1|1|1|1|1|1|1|1|1|1|1|1|1|1|1|1|1|1|1|1|1|1|1|1|1|1|1|1,3|1|1|1|1|1|1|1|1|1|1|1|1|1|1|1|1|1|1|1|1|1|1|1|1|1|1|1|1|1|1|1|1|1|1|1|1|1|1|1|1,3|1|1|1|1|1|1|1|1|1|1|1|1|1|1|1|1|1|1|1|1|1|1|1|1|1|1|1|1,3|1|1|1|1|1|1|1|1|1|1|1|1|1|1|1|1|1|1|1|1|1|1|1|1|1|1|1|1|1|1|1|1|1|1|1|1|1|1|1|1,3|1|1|1|1|1|1|1|1|1|1|1|1|1|1|1|1|1|1|1|1|1|1|1|1|1|1|1|1,4,3|1|1|1|1|1|1|1|1|1|1|1|1|1|1|1|1|1|1|1|1|1|1|1|1|1|1|1|1|1|1|1|1|1|1|1|1|1|1|1|1,4,3|1|1|1|1|1|1|1|1|1|1|1|1|1|1|1|1|1|
