BS_A09
126*72|8|0
5.1622*7.3724|0|0
0,3|1120,3|0,588|1120,588
Border: Passable




0

1|1|1|1|1|1|1|1|1|1|1|1|1|1,4,3|1|1|1|1|1|1|1|1|1|1|1|1|1|1|1|1|1|1|1|1|1|1|1|1|1|1|1|1|1|1|1|1|1|1|1|1|1|1|1|1|1|1|1|1,4,3|1|1|1|1|1|1|1|1|1|1|1|1|1|1|1|1|1|1|1|1|1|1|1|1|1|1|1|1,3|1|1|1|1|1|1|1|1|1|1|1|1|1|1|1|1|1|1|1|1|1|1|1|1|1|1|1|1|1|1|1|1|1|1|1|1|1|1|1|1|1|1|1|1,3|1|1|1|1|1|1|1|1|1|1|1|1|1|1|1|1|1|1|1|1|1|1|1|1|1|1|1|1,3|1|1|1|1|1|1|1|1|1|1|1|1|1|1|1|1|1|1|1|1|1|1|1|1|1|1|1|1|1|1,3|1,3|1,3|1,3|1,3|1,3|1,3|1,3|1,3|1,3|1,3|1,3|1,3|1|1,3|1|1|1|1|1|1|1|1|1|1|1|1|1|1|1|1|1|1|1|1|1|1|1|1|1|1|1|1,3|1|1|1|1|1|1|1|1|1|1|1|1|1|1|1|1|1|1|1|1|1|1|1|1|1|1|1|1|1|1,3|1|1|1|1|1|1|1|1|1|1|1|1,3|1|1,3|1|1|1|1|1|1|1|1|1|1|1|1|1|1|1|1|1|1|1|1|1|1|1|1|1|1|1|1,3|1|1|1|1|1|1|1|1|1|1|1|1|1|1|1|1|1|1|1|1|1|1|1|1|1|1|1|1|1|4,3,6|1|1|1|1|1|1|1|1|1|1|1|1,3|1|1,3|1|1|1|1|1|1|1|1|1|1|1|1|1|1|1|1|1|1|1|1|1|1|1|1|1|1|1|1,3|1|1|1|1|1|1|1|1|1|1|1|1|1|1|1|1|1|1|1|1|1|1|1|1|1|1|1|1|1|0,6|1|1|1|1|1|1|1|1|1|1|1|4,3,6|1|4,3,6|1|1|1|1|1|1|1|1|1|1|1|1|1|1|1|1|1|1|1|1|1|1|1|1|1|1|1|1,3|1|1|1|1|1|1|1|1|1|1|1|1|1|1|1|1|1|1|1|1|1|1|1|1|1|1|1|1|0,6|0,6|1|1|1|1|1|1|1|1|1|1|1|0,6|1|0,6|1|1|1|1|1|1|1|1|1|1|1|1|1|1|0|0|0,6|0,6|1|1|1|1|1|1|1|1|1|1,3|1|1|1|1|1|1|1|1|1|1|1|1|1|1|1|1|1|1|0,6|0,2,6|0,6|0,6|0,6|0,6|0,6|1|1|1|0,6|0,6|1|1|1|1|1|1|1|1|1|1|1|0,6|0|0|1|1|1|1|1|1|1|1|1|1|1|1|1|1|0|0|0,6|0,6|0|0|0|0|0,6|0,2,6|1|1|1|4,3,6|1|1|1|1|1|1|1|1|1|1|1|1|1|0,6|0,2,6|0|0,2|0|0|0,2,6|0,6|0,6|0,6|0|0|1|1|1|0,6|0,6|1|1|1|1|1|1|1|1|1|1|1|0,6|0|0|1|1|1|1|1|1|1|1|1|1|1|1|1|1|0|0|0,6|0,6|0|0|0|0|0,6|0,6|1|1|1|0,6|1|1|1|1|1|1|1|1|1|1|1|1|1|0,6|0,2,6|0|0,2|0|0,1|0,1,2|0,1,6|0,1|0,1|0,1|0,1|1|1|1|0,6|0,6|1|1|1|1|0|0|0|0|0|0|0|0,6|0|0|1|1|1|1|1|1|1|1|1|1|1|1|1|1|0|0|0,6|0,6|0|0|0|0|0,6|0,6|0,2,6|0,6|0,2,6|0,6|0,2,6|1|1|1|1|1|1|1|0,2,6|0,6|0,2,6|0,6|0,2,6|0,6|0,2,6|0,6|0,6|0|0|0,2|0,6|0|0|0|0|1|1|1|0,6|0,6|1|1|1|1|0,6|0,6|0,6|0,6|0,6|0,6|0,6|0,6|0|0|1|1|1|1|1|1|1|1|1|1|1|1|1|1|0|0|0,6|0,6|0|0|0|0|0|0|0,2,6|0,6|0,6|0,6|0,2,6|1|1|1|1|1|1|1|0,2,6|0,6|0,6|0,6|0,2,6|0,6|0,2,6|0,6|0,6|0,6|0,6|0,6|0,6|0|0|0|0|1|1|1|0,6|0,6|1|1|1|1|0|0|0|0|0|0|0|0|0|0|0|1|1|1|1|1|1|1|1|1|1|1|1|1|0|0|0,6|0,6|0|0|0|0|0|0|0|0|0|0|0,2|0|0,2,6|1|0,6|1|0|0|0,2|0|0|0|0,2,6|0,6|0,6|0,6|0,6|0|0|0|0,6|0|0|0|0|0|1|1|0,6|0,6|1|1|1|1|0|0|0|0|0,6|0|0|0|0|0,6|0|1|1|1|1|1|1|1|1|1|1|1|1|1|0|0|0,6|0|0|0|0|0|0|0|0|0|0|0|0|0|0,2,6|1|0,6|1|0|0|0|0|0|0|0,6|0,6|0,6|0,6|0,6|0|0|0|0,6|0,6|0,6|0,6|0,6|0,6|1|1|0,6|0,6|1|1|1|1|0|0,6|0,6|0,6|0,6|0,6|0,6|0|0,6|0,6|0|0|1|1|1|1|1|1|1|1|1|1|1|1|0|0|0,6|0|0|0|0|0|0|0|0|0|0|0|0|0|0,2,6|1|0,6|1|0|0|0|0|0,2|0|0,6|0,6|0,6|0|0|0|0|0|0|0|0|0|0|0|1|1|0|0|1|1|1|1|0,6|0,6|0,6|0,6|0,6|0,6|0,6|0|0,6|0,6|0|0|1|1|1|1|1|1|1|1|1|1|1|1|0|0|0,6|0|0|0|0|0|0|1|0|0|0|0|1|0|0,6|1|0,6|1|0|0|1|0|0,2|0|0,6|1|0,6|0|0|0|0|0|0|0|0|0|0|0|1|1|0|0|1|1|0|0|0,6|0,6|0,6|0,6|0,6|0,6|0,6|0,6|0,6|0,6|0|0|1|1|1|1|1|1|1|1|1|1|1|1|0|0|0,6|0|0|2|1|1|1|1|1|1|0|1|1|0|0|1|0,6|1|0|0|1|1|0,2|1|1|1|1|1|1|2|0|0|0|0|0|0|0|0|1|1|0|0|1|1|0|0|0,6|0,6|0,6|0,6|0,6|0,6|0,6|0,6|0,6|0,6|0|0|1|1|1|1|1|1|1|1|1|1|1|1|0|0|0,6|0|0|1|1|1|1|1|1|1|4,3|1|1|0|0|1|0,6|1|0,6|0,6|1|1|4,3,6|1|1|1|1|1|1|1|0|0|0|0|0|0|0|0|1|1|0|0|1|1|0|0|0,6|0,6|0,6|0,6|0,6|0,6|0,6|0,6|0,6|0,6|0|0|1|1|1|1|1|1|1|1|1|1|1|1|0|0|0,6|0|0|1|1|1|1|1|1|1|1,3|1|1|0|0|1|0,6|1|0,6|0,6|1|1|1,3|1|1|1|1|1|1|1|0,1|0,1|0|0|0|0|0|0|0,2,6|3,2,6|0|0|3,2,6|0,2,6|0|0|0,6|0,6|0,6|0,6|0,6|0,6|0,6|0,6|0,6|0,6|0|0|1|1|1|1|1|1|1|1|1|1|1|1|0|0|0,6|0|0|1|1|1|1|1|1|1|1,3|1|1|0|0|1|0,6|1|0,6|0,6|0,6|4,3,6|1,3|1|1|1|1|1|1|1|0|0|0|0|0|0|0|0|0,2,6|3,2,6|0|0|3,2,6|0,2,6|0|0|0,6|0,6|0,6|0,6|0,6|0,6|0,6|0,6|0,6|0,6|0,6|0|1|1|1|1|1|1|1|1|1|1|1|1|0|0|0,6|0|0|0|4,3,6|1,3|1,3|1,3|1,3|1,3|1,3|1|1|0|0|1|0,6|1|0|0|1|1|1|1|1|1|1|1|1|1|1|0|0|0|0|0|0|0|0,6|3,2,6|0|0|3,2,6|0,6|0|0|0,6|0,6|0,6|0,6|0,6|0,6|0,6|0,6|0,6|0,6|0,6|0|3,6|0|3,6|0,6|1|1|1|1|1|1|1|1|0|0|0,6|0|0|1|1|1|1|1|1|1|1|1|1|2|0|1|0,6|1|0|2|1|1|1|1|1|1|1|1|1|1|1|1|0|0|0|0|0|0|0,6|3,6|0|0|3,6|0,6|0|0|3,6|0,6|0,6|0,6|0,6|0,6|0,6|0,6|0,6|0,6|0,1,6|0,1|3,1,6|0,1|3,1,6|0,1,6|1|1|1|1|1|1|1|1|0|0|0,6|0|0|1|1|1|1|1|1|1|1|1|1|1|0|1|0,6|1|0|1|1|1|1|1|1|1|1|1|1|1|1|0|0|0|0|0|0|0|0,6|3,6|0|0|3,6|0,6|0|0|3,6|0,6|0,6|0,6|0,6|0,6|0,6|0,6|0,6|0,6|0,6|0|3,6|0|3,6|0,6|1|1|1|1|1|1|1|1|0|0|0,6|0|0,2|1|1|1|1|1|1|1|1|1|1|1|0|1|0,6|1|0|1|1|1|1|1|1|1|1|1|1|1|1|0|0|0|0|0|0|0,1|0,1,6|3,1,6|0,1|0,1|0,1,6|0,1,6|0,1|0,1|3,1,6|0,1,6|0,1,6|0,1,6|0,1,6|0,6|0,6|0,6|0,6|0,6|0|0|3,6|0|3,6|0,6|1|1|1|1|1|1|1|1|0|0|0,6|0|1|1|1|1|1|1|1|1|1|1|1|1|0|1|0,6|1|0|1|1|1|1|1|1|1|1|1|1|1|0|0,2|0|0|0|0|0|0,6|0,6|0,6|0|0|0,6|0,6|0|0|3,6|0,6|0,6|0,6|0,6|0,6|0,6|0,6|0,6|3,6|0|0|3,6|0|3,6|0,1,6|0,1,6|1|1|1|1|1|1|1|0|0|0,1,6|0,1|1|1|1|1|1|1|1|1|1|1|1|1|0|1|0,6|1|0|1|1|1|1|1|1|1|1|1|1|1|0,1|0,1,2|0,1|0|0|0|0|0,6|0,6|0,6|0|0|0,6|0,6|0|0|3,6|0,6|0,6|0,6|0,6|0,6|0,6|0,6|0,6|3,6|0|0|3,6|0|3,6|0,6|0,6|1|1|1|1|1|1|1|0|0|0,6|0|1|1|1|1|1|1|1|1|1|1|1|2,6|0|1|0,6|1|0|2|1|1|1|1|1|1|1|1|1|1|1|0,2|0|0|0|0|0|0,6|0,6|0,6|0|0|0,6|0,6|0|0|3,6|0,6|0,6|0,6|0,6|0,6|0,6|0,6|0,6|3,6|0|0|0,6|0,1|3,1,6|0,1|0,1,6|0,1,6|1|1|1|1|1|1|0|0|0,6|1|1|1|1|1|1|1|1|1|1|1|1|0,6|0|1|0,6|1|0|0|1|1|1|1|1|1|1|1|1|1|1|0,2|0|0|0|0|0|0,6|3,6|0,6|0|0|3,6|0,6|0|0|0,6|0,6|0,6|0,6|0,6|0,6|0,6|0,6|0,6|3,6|0|0|0,6|0|3,6|0|0,6|0,6|1|1|1|1|1|1|0|0|0,6|0|1|1|1|1|1|1|1|1|1|1|1|0,6|0|1|0,6|1|0|0|1|1|1|1|1|1|1|1|1|1|1|0,2|0|0|0|0|0|0,6|3,6|0,6|0|0|3,6|0,6|0|0|0,6|0,6|0,6|0,6|0,6|0,6|0,6|0,6|0,6|0,6|0|0|0,6|0|0,6|0|0,6|0,6|1|1|1|1|1|1|0|0|0,6|0|0,2|1|1|1|1|1|1|1|1|1|1|0,6|0|1|0,6|1|0,6|0,6|1|1|1|1|1|1|1|1|1|1|1|0,2|0|0|0|0|0|0,6|3,6|0,6|0|0|3,6|0,6|0|0|0,6|0,6|0,6|0,6|0,6|0,6|0,6|0,6|0,6|0,6|0|0|3,6|0|0,6|0|0|0|1|1|1|1|1|1|0|0|0,6|0|1|1|1|1|1|1|1|1|1|1|1|0|0|1|0,6|1|0,6|0,6|1|1|1|1|1|1|1|1|1|1|0,1|0,1,2|0|0|0|0|0|0|3,6|0,6|0|0|3,6|0,6|0,6|0|0,6|0,6|0,6|0,6|0,6|0,6|0,6|0,6|0,6|0,6|0,1|0,1|3,1,6|0,1|0,1,6|0,1|0,1|0,1|1|1|1|1|1|1|0|0|0,6|0,1|1|1|1|1|1|1|1|1|1|1|1|2|0|1|0,6|1|0,6|2,6|1|1|1|1|1|1|1|1|1|1|0|0,2|0|0|0|0|0,1|0,1|3,1,6|0,1,6|0,1|0,1|3,1,6|0,1,6|0,1,6|0|0,6|0,6|0,6|0,6|0,6|0,6|0,6|0,6|0,6|0,6|0|0|3,6|0|0,6|0|0|0|1|1|1|1|1|1|0|0|0,6|0|1|1|1|1|1|1|1|1|1|1|1|1|0,6|1|0,6|1|0|1|1|1|1|1|1|1|1|1|1|1|0|0|0|0|0|0|0|0|3,6|0,6|0|0|3,6|0,6|0,6|0|0,6|0,6|0,6|0,6|0,6|0,6|0,6|0,6|0,6|3,6|0|0|3,6|0|0,6|0|0|0,1|1|1|1|1|1|1|0|0|0,6|0|0|1|1|1|1|1|1|1|1|1|1|1|0,6|1|0,6|1|0|1|1|1|1|1|1|1|1|1|1|1|0|0|0|0|0|0|0|0|3,6|0,6|0|0|0,6|0,6|0,6|0|0,6|0,6|0,6|0,6|0,6|0,6|0,6|0,6|0,6|3,6|0|0|3,6|0|0,6|0|0|0,6|1|1|1|1|1|1|0|0|0,6|0|0|1|1|1|1|1|1|1|1|1|1|1|0,6|1|0,6|1|0|1|1|1|1|1|1|1|1|1|1|1|1|0|0|0|0|0|0|0|0,6|0,6|0|0|0,6|3,6|0,6|0|0,6|0,6|0,6|0,6|0,6|0,6|0,6|0,6|0,6|3,6|0|0|3,6|0|0,6|0|0,1|0,1,6|1|1|1|1|1|1|0|0|0,6|0|0|1|1|1|1|1|1|1|1|1|1|1|0,6|1|0,6|1|0|1|1|1|1|1|1|1|1|1|1|1|1|0,1|0,1|0|0|0|0|0|0,6|0,6|0|0|0,6|3,6|0,1,6|0,1|3,1,6|0,1,6|0,1,6|0,1,6|0,1,6|0,1,6|0,1,6|0,1,6|0,1,6|3,1,6|0,1|0|3,6|0|3,6|0|0|0,6|1|1|1|1|1|1|0|0|0,6|0,1|1|1|1|1|1|1|1|1|1|1|1|2|0,6|1|0,6|1|0|2|1|1|1|1|1|1|1|1|1|1|1|1|0|0|0|0|0|0|0,6|0,6|0|0|0,6|3,6|0,6|0|3,6|0,6|0,6|0,6|0,6|0,6|0,6|0,6|0,6|3,6|0|0|3,6|0|3,6|0|0|0,6|1|1|1|1|1|1|0|0|0,6|0|1|1|1|1|1|1|1|1|1|1|1|0|0,6|1|0,6|1|0|0|1|1|1|1|1|1|1|1|1|1|1|0|0|0|0|0|0|0|0,6|0,1,6|0,1|0,1|0,1,6|3,1,6|0,1,6|0|3,6|0,6|0,6|0,6|0,6|0,6|0,6|0,6|0,6|3,6|0|0|3,6|0|3,6|0|1|1|1|1|1|1|1|1|0|0|0,6|0|1|1|1|1|1|1|1|1|1|1|1|0|0,6|1|0,6|1|0|0|1|1|1|1|1|1|1|1|1|1|0|0|0|0|0|0|0|0|0,6|0,6|0|0|0,6|3,6|0,6|0|3,6|0,6|0,6|0,6|0,6|0,6|0,6|0,6|0,6|3,6|0|0|3,6|0|3,6|0|1|1|1|1|1|1|1|1|0|0|0,6|0|0|1|1|1|1|1|1|1|1|1|1|0|0|1|0,6|1|0|0|1|1|1|1|1|1|1|1|1|1|0|0,2|0|0|0|0|0|0|0,6|0,6|0|0|0,6|3,6|0|0|3,6|0,6|0,6|0,6|0,6|0,6|0,6|0,6|0,6|3,6|0|0,1|3,1,6|0,1|3,1,6|0,1|1|1|1|1|1|1|1|1|0|0|0,6|0|0|1|1|1|1|1|1|1|1|1|1|0|0|1|0,6|1|0|0|1|1|1|1|1|1|1|1|1|1|0,1|0,1,2|0,1|0|0|0|0|0|0,6|0,6|0|0|0,6|3,6|0|0|3,6|0,6|0,6|0,6|0,6|0,6|0,6|0,6|0,6|0,6|0,6|0|3,6|0|3,6|0|1|1|1|1|1|1|1|1|0|0|0,6|0|0|1|1|1|1|1|1|1|1|1|1|2|0|1|0,6|1|0,6|2,6|1|1|1|1|1|1|1|1|1|1|0|0,2|0|0|0|0|0|0|3,6|0,6|0|0|0,6|3,6|0|0|0,6|0,6|0,6|0,6|0,6|0,6|0,6|0,6|0,6|0,6|0,6|0|3,6|0|3,6|0|1|1|1|1|1|1|1|1|0|0|0,6|0|0|1|1|1|1|1|1|1|1|1|1|1|0|1|0,6|1|0,6|1|1|1|1|1|1|1|1|1|1|1|0|0,2|0|0|0|0|0|0,1|3,1,6|0,1,6|0,1|0,1|0,6|0,6|0|0|0,6|0,6|0,6|0,6|0,6|0,6|1|1|1|1|1|1|1|1|1|0|1|1|1|1|1|1|1|1|0|0|0,6|0|0|1|1|1|1|1|1|1|1|1|1|1|0|1|0,6|1|0,6|1|1|1|1|1|1|1|1|1|1|1|1|0|0|0|0|0|0|0|3,6|0,6|0|0|0,6|0,6|0|0|0,6|0,6|0,6|0,6|1|1|1|1|1|1|1|1|1|1|1|1|1|1|1|1|1|1|1|1|0|0|0,6|0|0|1|1|1|1|1|1|1|1|1|1|1|0,6|1|0,6|1|0,6|1|1|1|1|1|1|1|1|1|1|1|1|1|0|0|0|0|0|0|3,6|0,6|0|0|0,6|0,6|0|0|1|1|1|1|1|1|1|1|1|1|1|1|1|1|1|1|1|1|1|1|1|1|1|1|0|0|0,6|0|1|1|1|1|1|1|1|1|1|1|1|1|0|1|0,6|1|0|1|1|1|1|1|1|1|1|1|1|1|1|0|0|0|0|0|0|0|3,6|0,6|0|0|0,6|0,6|0|0|1|1|1|1|1|1|1|1|1|1|1|1|1|1|1|1|1|1|1|1|1|1|1|1|0|0|0,6|0,1|1|1|1|1|1|1|1|1|1|1|1|2,6|0|1|0,6|1|0|2|1|1|1|1|1|1|1|1|1|1|1|0|0|0|0|0|0|0|3,6|0,6|0|0|0,6|3,6|0|0|0,6|0,6|0,6|1|1|1|1|1|1|1|1|1|1|1|1|1|1|1|1|1|1|1|1|1|0|0|0,6|0|1|1|1|1|1|1|1|1|1|1|1|0,6|0|1|0,6|1|0|0|1|1|1|1|1|1|1|1|1|1|0|0|0|0|0|0|0,1|0,1|3,1,6|0,1,6|0,1|0,1|0,1,6|3,1,6|0,1|0|0,6|0,6|0,6|1|1|1|1|1|1|1|1|1|1|1|1|1|1|1|1|1|1|1|1|1|0|0|0,6|0|0|1|1|1|1|1|1|1|1|1|1|0,6|0|1|0,6|1|0|0|1|1|1|1|1|1|1|1|1|1|0,1|0,1|0,1|0|0|0|0|0|3,6|0,6|0|0|0,6|3,6|0|0|0,6|0,6|0,6|1|1|1|1|1|1|1|1|1|1|1|1|1|1|1|1|1|1|1|1|1|0|0|0,6|0|0|1|1|1|1|1|1|1|1,5,3|1|1|0,6|0|1|0,6|1|0|0|1|1|1,5,3|1|1|1|1|1|1|1|0|0|0|0|0|0|0|0|0,6|0,6|0|0|0,6|3,6|0|0|0|0,6|0,6|1|1|1|1|1|1|1|1|1|1|1|1|1|1|1|1|1|1|1|1|1|0|0|0,6|0|0|1|1|1|1|1|1|1|4,3,6|1|1|0|0|1|0,6|1|0|0|1|1|4,3|1|1|1|1|1|1|1|0|0|0|0|0|0|0|0|0,6|0,6|0|0|0,6|3,6|0|0|0|1|1|1|1|1|1|1|1|1|1|1|1|1|1|1|1|1|1|1|1|1|1|1|0|0|0,6|0|0|2,6|1|1|1|1|1|1|0,6|1|1|0|0|1|0,6|1|0|0|1|1|0|1|1|1|1|1|1|2|0|0|0|0|0|0|0|0|0,6|3,6|0|0|0,6|3,6|0|0|0|1|1|1|1|1|1|1|1|1|1|1|1|1|1|1|1|1|1|1|1|1|1|1|0|0|0,6|0|0|0,6|0,6|0,6|0,6|1|0,6|0,6|0,6|0,6|1|0|0|1|0,6|1|0|0|1|0|0|0|0,6|1|0,6|0|0|0|0|0|0|0|0|0|0|0|0,6|3,6|0|0|0,6|3,6|0|0|0|0,6|0,6|0,6|1|1|1|1|1|1|1|1|1|1|1|1|1|1|1|1|1|1|1|1|0|0|0,6|0|0|0,6|0,6|0,6|0,6|0,6|0,6|0,6|0,6|0,6|0,6|0|0|3,6|0,6|3,6|0,6|0,6|3,6|0,6|0,6|0,6|0,6|0,2,6|0,6|0|0|0|0|0|0|0|0|0|0|0|0,6|3,6|0|0|0,6|3,6|0|0|3,6|0,6|0,6|0,6|1|1|1|1|1|1|1|1|1|1|1|1|1|1|1|1|1|1|1|1|0|0|0,6|0|0|0,6|0,6|0,6|0,6|0,6|0,6|0,6|0,6|0,6|0,6|0|0,1|3,1,6|0,1,6|3,1,6|0,1,6|0,1,6|3,1,6|0,1,6|0,1,6|0,6|0,6|0,2,6|0,6|0,6|0|0|0|0|0|0|0|0|0|0|0,6|3,6|0|0|0,6|3,6|0|0|3,6|0,6|0,6|0,6|1|1|1|1|1|1|1|1|1|1|1|1|1|1|1|1|1|1|1|1|0|0|0,6|0|0|0|0,6|0,6|0,6|0,6|0,6|0,6|0|0,6|0,6|0|0|3,6|0,6|0,6|0,6|0,6|3,6|0,6|0,6|0,6|0,6|0,6|0,6|0,6|0|0|0|0|0|0|0|0|0|0|0,6|3,6|0|0|0,6|3,6|0|0|3,6|0,6|0,6|0,6|0,6|0,6|0,6|0,6|0,6|3,6|0|0|3,6|0|1|1|0|1|1|1|1|1|1|1|0|0|0,6|0|0|0|0|0|0|0,6|0|0|0|0|0,6|0|0|3,6|0,6|0,6|0|0|0|0|0|0|0,6|0,6|0,6|0,6|0|0|0|0|0|0|0|0|0|0,1|0,1,6|3,1,6|0,1|0,1|0,1,6|0,1,6|0,1|0,1|3,1,6|0,1,6|0,1,6|0,1,6|0,1,6|0,1,6|0,1,6|0,1,6|0,1,6|3,1,6|0,1|0,1|3,1,6|0,1|1|1|0,1|1|1|1|1|1|1|1|0|0|0,6|0|0|0|0|0|0|0|0|0|0|0|0|0|0|0,6|0,6|0,6|0|0|0|0|0|0|0,6|0,2,6|0,6|0,6|0|0|0|0|0|0|0|0|0|0|0,6|3,6|0|0|0,6|0,6|0|0|3,6|0,6|0,6|0,6|0,6|0,6|0,6|0,6|0,6|3,6|0|0|3,6|0|1|1|0|1|1|1|1|1|1|1|0|0|0,6|0|0|0|0|0|0|0,6|0,6|0|0|0|0,6|0|0|0,6|0,6|0,6|0|0|0|0|0|0|0,6|0,2,6|0,6|0,6|0|0|0|0|0|0|0|0|0|0|0,6|3,6|0|0|0,6|0,6|0|0|3,6|0,6|0,6|0,6|0,6|0,6|0,6|0,6|0,6|3,6|0,6|0|3,6|0|1|1|0|1|1|1|1|1|1|1|0|0|0,6|0|0|0|0,6|0,6|0,6|1|0,6|0,6|0|0,6|1|0|0|0,6|0,6|3,6|0|0|1|0|0|0|0,6|1|0,6|0,6|0|0|0|0|0|0|0|0|0|0,6|0,6|3,6|0|0|0,6|0,6|0|0|3,6|0,6|0,6|0,6|0,6|0,6|0,6|0,6|0,6|0,6|0,6|0|3,6|0|1|1|0|1|1|1|1|1|1|1|0|0|0,6|0|0|2,6|1|1|1|1|1|1|0,6|1|1|0|0|3,6|0,6|3,6|0|0|1|1|0|1|1|1|1|1|1|2|0|0|0|0|0|0|0|0,6|3,6|3,6|0|0|3,6|0,6|0|0|3,6|0,6|0,6|0,6|0,6|0,6|0,6|0,6|0,6|0,6|0,6|0|3,6|0,1|1|1|1|1|1|1|1|1|1|1|0|0|0,6|0|0|1|1|1|1|1|1|1|4,3,6|1|1|0|0|1|0,6|1|0|0|1|1|4,3|1|1|1|1|1|1|1|0|0|0|0|0|0|0,1|0,1,6|3,1,6|3,1,6|0,1|0,1|3,1,6|0,1,6|0|0|3,6|0,6|0,6|0,6|0,6|0,6|0,6|0,6|0,6|0,6|0,6|0|0,6|0|1|1|1|1|1|1|1|1|1|1|0|0|0,6|0|0|1|1|1|1|1|1|1|1,3|1|1|0|0|1|0,6|1|0|0|1|1|1,3|1|1|1|1|1|1|1|0|0|0|0|0|0|0|0,6|3,6|3,6|0|0|3,6|0,6|0|0|0,6|0,6|0,6|0,6|0,6|0,6|0,6|0,6|0,6|0,6|0|0|0,6|0|3,6|0|0|1|1|1|1|1|1|1|0|0|0,6|0|0|0,6|4,3,6|1,3|1,3|1,3|1,3|1,3|1,3|1|1|0|0|1|0,6|1|0|0|1|1|1|1|1|1|1|1|1|1|0|0|0|0|0|0|0|0,6|3,6|0,6|0|0|3,6|0,6|0|0|0,6|0,6|0,6|0,6|0,6|0,6|0,6|0,6|0,6|3,6|0|0|0,6|0|3,6|0|0|1|1|1|1|1|1|1|0|0|0,6|0|0|1|1|1|1|1|1|1|1|1|1|0|0|1|0,6|1|0|0|1|1|1|1|1|1|1|1|1|1|1|0|0|0|0|0|0|0,6|3,6|0,6|0|0|3,6|0,6|0|0|0,6|0,6|0,6|0,6|0,6|0,6|0,6|0,6|0,6|3,6|0|0|0,6|0|3,6|0|0|1|1|1|1|1|1|1|0|0|0,6|0|1|1|1|1|1|1|1|1|1|1|1|2,6|0|1|0,6|1|0,6|2,6|1|1|1|1|1|1|1|1|1|1|1|0|0|0|0|0|0|0,6|3,6|0,6|0|0|3,6|0,6|0|0|0,6|0,6|0,6|0,6|0,6|0,6|0,6|0,6|0,6|3,6|0|0|3,6|0|3,6|0|0|0,6|1|1|1|1|1|1|0|0|0,6|0,1|1|1|1|1|1|1|1|1|1|1|1|1|0|1|0,6|1|0,6|1|1|1|1|1|1|1|1|1|1|1|1|0,1|0|0|0|0|0|0,6|3,6|0,6|0,6|0,6|0,6|0,6|0,6|0|0,6|0,6|0,6|0,6|0,6|0,6|0,6|0,6|0,6|3,6|0|0|3,6|0|3,6|0|0|0,6|1|1|1|1|1|1|0|0|0,6|1|1|1|1|1|1|1|1|1|1|1|1|1|0|1|0,6|1|0,6|1|1|1|1|1|1|1|1|1|1|1|0|0|0|0|0|0|0|0|3,6|0,6|0|0|0,6|0,6|0,6|0|0,6|0,6|0,6|0,6|0,6|0,6|0,6|0,6|0,1,6|3,1,6|0,1|0,1|3,1,6|0,1|3,1,6|0,1|0,1|0,1,6|1|1|1|1|1|1|0|0|0,6|0|1|1|1|1|1|1|1|1|1|1|1|1|0|1|0,6|1|0|1|1|1|1|1|1|1|1|1|1|1|1|0|0|0|0|0|0|0|3,6|0,6|0|0|0,6|0,6|0,6|0|0,6|0,6|0,6|0,6|0,6|0,6|0,6|0,6|0,6|3,6|0|0|3,6|0|3,6|0|0|0,6|1|1|1|1|1|1|0|0|0,6|0|0|1|1|1|1|1|1|1|1|1|1|1|0|1|0,6|1|0|1|1|1|1|1|1|1|1|1|1|1|1|0,2|0|0|0|0|0|0|0,6|0,6|0|0|0,6|3,6|0,6|0|0,6|0,6|0,6|0,6|0,6|0,6|0,6|0,6|0,6|0,6|0|0|3,6|0|3,6|0|0|0,6|1|1|1|1|1|1|0|0|0,6|0|0,2|1|1|1|1|1|1|1|1|1|1|2|0|1|0,6|1|0|2|1|1|1|1|1|1|1|1|1|1|1|1|0|0|0|0|0|0|0,6|0,6|0|0|0,6|3,6|0,6|0|0,6|0,6|0,6|0,6|0,6|0,6|0,6|0,6|0,6|0,6|0|0|3,6|0|3,6|0|0,6|0,6|1|1|1|1|1|1|0|0|0,6|0|0,2|1|1|1|1|1|1|1|1|1|1|0|0|1|0,6|1|0|0|1|1|1|1|1|1|1|1|1|1|1|0,2|0|0|0|0|0|0|0,6|3,6|0|0|0,6|3,6|0,6|0|0,6|0,6|0,6|0,6|0,6|0,6|0,6|0,6|0,6|0,6|0|0,6|0,6|0|3,6|0|0,6|1|1|1|1|1|1|1|0|0|0,6|0|0,2,1|1|1|1|1|1|1|1|1,3|1,3|1,3|0,3,6|0,3,6|1,3|0,3,6|1,3|0,3,6|0,3,6|1,3|1,3|1,3|1,3|1,3|1,3|1,3|1,3|4,3|0,1|0,1|0,1,2|0,1|0,1|0,1|0,1|0|0|0,6|3,6|0|0|0,6|3,6|0,6|0|0,6|0,6|0,6|0,6|0,6|0,6|0,6|0,6|0,6|0,6|0|0,6|0,6|0|0,6|0|0,6|1|1|1|1|1|1|1|0|0|0,6|0|0|1|1|1|1|1|1|1|1,3|1|1|0|0|1|0,6|1|0|0|1|1|1|1|1|1|1|1|1|1|0|0,2|0|0|0|0|0|0|0,6|3,6|0|0|0,6|3,6|0,6|0|0,6|0,6|0,6|0,6|0,6|0,6|0,6|0,6|0,6|0,6|0|0,6|0,6|0,1|0,1,6|0,1,6|0,1,6|1|1|1|1|1|1|1|0|0|0,6|0|1|1|1|1|1|1|1|1|1,3|1|1|0|0|1|0,6|1|0|0|1|1|1|1|1|1|1|1|1|1|0|0,2|0|0|0|0|0|0|0,6|3,6|0|0|3,6|3,6|0,6|0|0,6|0,6|0,6|0,6|0,6|0,6|0,6|0,6|0,6|0,6|0|0,6|0,6|0|0,6|0,6|1|1|1|1|1|1|1|1|0|0|0,6|0,1|1|1|1|1|1|1|1|1|1,3|1|1|2,6|0|1|0,6|1|0|2|1|1|1|1|1|1|1|1|1|1|0|0,2|0|0|0|0|0|0|3,6|3,6|0|0|3,6|0,6|0|0|0,6|0,6|0,6|0,6|0,6|0,6|0,6|0,6|0,6|0,6|0|0,6|0,6|0|0,6|1|1|1|1|1|1|1|1|1|0|0|0,6|0|1|1|1|1|1|1|1|1|1,3|1|1|1|0|1|0,6|1|0|1|1|1|1|1|1|1|1|1|1|1|1|0,2|0|0|0|0|0|0|3,6|3,6|0|0|3,6|0,6|0|0|0,6|0,6|0,6|0,6|0,6|0,6|0,6|0,6|0,6|0,6|0|0|3,6|0|3,6|1|1|1|1|1|1|1|1|1|0|0|0,6|0|0|1|1|1|1|1|1|1|1,3|1|1|1|0|1|0,6|1|0,6|1|1|1|1|1|1|1|1|1|1|1|1|0,1,2|0|0|0|0|0|0|3,6|3,6|0|0|3,6|0,6|0|0|0,6|0,6|0,6|0,6|0,6|0,6|0,6|0,6|0,6|0,6|0,1|0,1|3,1,6|0,1|3,1,6|1|1|1|1|1|1|1|1|1|0|0|0,6|0|0|1|1|1|1|1|1|1|1,3|1|1|1|0,6|1|0,6|1|0,6|1|1|1|1|1|1|1|1|1|1|1|1|0,2|0|0|0|0|0|0|3,6|0,6|0|0|3,6|0,6|0|0|0,6|0,6|0,6|0,6|0,6|0,6|0,6|0,6|0,6|0,6|0|0|3,6|0|3,6|1|1|1|1|1|1|1|1|1|0|0|0,6|0|0|1|1|1|1|1|1|1|1,3|1|1|1|0,6|1|0,6|1|0,6|1|1|1|1|1|1|1|1|1|1|1|0,1|0,1,2|0,1|0,1|0,1|0,1|0,1|0,1|3,1,6|0,1,6|0,1|0,1|3,1,6|0,1,6|0,1|0,1|3,1,6|0,1,6|0,1,6|0,1,6|0,6|0,6|0,6|0,6|0,6|0,6|0,6|0|1|0|1|1|1|1|1|1|1|1|1|1|0|0|0,6|0|0|1|1|1|1|1|1|1|1,3|1|1|2|0,6|1|0,6|1|0|2|1|1|1|1|1|1|1|1|1|1|0|0|0|0|0|0|0|0|3,6|0,6|0|0|3,6|0,6|0|0|3,6|0,6|0,6|0,6|0,6|0,6|0,6|0,6|0,6|0,6|0,6|0|1|4,3|1|1|1|1|1|1|1|1|1|1|0|0|0,6|0|0|1|1|1|1|1|1|1|1,3|1|1|0|0,6|1|0,6|1|0|0|1|1|1|1|1|1|1|1|1|1|0|0|0|0|0|0|0|0|3,6|0,6|0|0|3,6|0,6|0|0|3,6|0,6|0,6|0,6|0,6|0,6|0,1,6|0,1,6|0,1,6|0,1,6|0,1,6|0,1|1|1,5,3|1|1|1|1|1|1|1|1|1|1|0|0|0,6|0|0|1|1|1|1|1|1|1|1,3|1|1|0|0|1|0,6|1|0|0|1|1|1|1|1|1|1|1|1|1|0,2|0|0|0|0|0|0|0|3,6|0,6|0|0|3,6|0,6|0|0|3,6|0,6|0,6|0,6|0,6|0,6|0,6|0,6|0,6|0,6|0,6|0|1|1|1|1|1|1|1|1|1|1|1|1|0|0|0,6|0|0|1|1|1|1|1|1|1|1,3|1|1|0|0|1|0,6|1|0|0|1|1|1|1|1|1|1|1|1|1|0,2|0|0,2|0|0|0|0|0|0,6|0,6|0|0|3,6|0,6|0|0|3,6|0,6|0,6|0,6|0,6|0,6|0,6|0,6|0,6|0,6|0|0,1|1|1|1|1|1|1|1|1|1|1|1|1|0|0|0,6|0|0|1|1|1|1|1|1|1|1,3|1|1|0|0|1|0,6|1|0|0|1|1|1|1|1|1|1|1|1|1|1|0,1|0,1,2|0,1|0|0|0|0|0,6|0,6|0|0|3,6|0,6|0|0|3,6|0,6|0,6|0,6|0,6|0,6|0,6|0,6|0,6|0,6|0|0|1|1|1|1|1|1|1|1|1|1|1|1|0|0|0,6|0|0|1|1|1|1|1|1|1|1,3|1|1|2,6|0|1|0,6|1|0|2|1|1|1|1|1|1|1|1|1|1|1|1|0,2|0|0|0|0|0|0,6|0,6|0|0|3,6|0,6|0,1|0,1|3,1,6|0,1,6|0,1,6|0,1,6|0,1,6|0,1,6|0,1,6|0,1,6|0,1,6|0,1,6|0,1|0,1|1|1|1|1|1|1|1|1|1|1|1|1|0|0|0,6|0|0|1|1|1|1|1|1|1|1,3|1|1|1|0|1|0,6|1|0|1|1|1|1|1|1|1|1|1|1|1|1|0|0,2|0|0|0|0|0|0,6|0,6|0|0|0,6|0,6|0|0|3,6|0,6|0,6|0,6|0,6|0,6|0,6|0,6|0,6|0,6|0|0|1|1|1|1|1|1|1|1|1|1|1|1|0|0|0,6|0|0|1|1|1|1|1|1|1|1,3|1|1|1|0|1|0,6|1|0|1|1|1|1|1|1|1|1|1|1|1|1|0|0,2|0|0|0|0|0|0,6|0,6|0|0|0,6|0,6|0|0|3,6|0,6|0,6|0,6|0,6|0,6|0,6|0|0,6|0,6|0|0|1|1|1|1|1|1|1|1|1|1|1|1|0|0|0,6|0|0|1|1|1|1|1|1|1|1,3|1|1|1|0|1|0,6|1|0|1|1|1|1|1|1|1|1|1|1|1|1|1|0,2|0|0|0|0|0|0,6|0,6|0|0|0,6|0,6|0|0|0|0,6|0,6|0,6|0,6|0,6|0,6|0|0,6|0,6|0|0,1|1|1|1|1|1|1|1|1|1|1|1|1|0|0|0,6|0|0|1|1|1|1|1|1|1|1,3|1|1|1|0|1|0,6|1|0,6|1|1|1|1|1|1|1|1|1|1|1|1|1|0,2|0|0|0|0|0|0,6|0,6|0|0|0,6|0,6|0|0|0|0|0|0|0,6|0|0|0|0|0,6|0|0|1|1|1|1|1|1|1|1|1|1|1|1|0|0|0,6|0|0|1|1|1|1|1|1|1|1,3|1|1|2|0|1|0,6|1|0,6|2,6|1|1|1|1|1|1|1|1|1|1|1|0,1|0,2,1|0,1|0,1|0,1|0|0|3,6|0,6|0|0|3,6|0,6|0|0|0|0|0|0|0|0|0|0|0|0|0|0|1|1|1|1|1|1|1|1|1|1|1|1|0|0|0,6|0|0|1|1|1|1|1|1|1|1,3|1|1|0|0|1|0,6|1|0,6|0,6|1|1|1|1|1|1|1|1|1|1|0|0|0,2|0|0|0|0|0|3,6|0,6|0|0|3,6|0,6|0,6|0|0|0|0|0|0|0|0|0|0|0|0|0|3,6|0|3,6|1|1|1|1|1|1|1|1|1|0|0|0,6|0|0|1|1|1|1|1|1|1|1,3|1|1|0|0|1|0,6|1|0|0|1|1|1|1|1|1|1|1|1|1|0|0|3,2|0|0|0|0|0|3,6|0,6|0|0|3,6|0,6|0,6|0|0|0|0|0|0|0|0|0|0|0|0,1|0,1|3,1,6|0,1|3,1,6|1|1|1|1|1|1|1|1|1|0|0|0,6|0|0|1|1|1|1|1|1|1|1,3|1|1|0|0|1|0,6|1|0|0|1|1|1,3|1|1|1|1|1|1|1|0|0|3,2|0|0|0|0|0|3,6|0,6|0|0|3,6|0,6|0,6|0|0|0|0|0|0|0|0|0|0|0|0|0|3,6|0|3,6|1|1|1|1|1|1|1|1|1|0|0|0,6|0|0|1|1|1|1|1|1|1|4,3|1|1|0|0,6|1|0,6|1|0|0|1|1|4,3|1|1|1|1|1|1|1|0,1|0,1|3,2,1|0,1|0|0|0|0|3,6|0,6|0|0|3,6|0,6|0,6|0|0|0|0|0|0|0|0|0|0|0|0|0|3,6|0|3,6|1|1|1|1|1|1|1|1|1|0|0|0,6|0|0|2|1|1|1|1|1|1|0|1|1|0|0,6|1|0,6|1|0|0|1|1|0|1|1|1|1|1|1|2|0|0|3,2|0|0|0|0|0|3,6|0,6|0|0|3,6|0,6|0,6|0|0|0|0|0|0,6|0|0|0|0|0,6|0|0|0,6|0|3,6|1|1|1|1|1|1|1|1|1|0|0|0,6|0|0|0|0|0|0|1|0|0|0|0|1|0|1|1|0,6|1|0|0|1|0|0|0|3,6|1|3,6|0,6|0|0|0|0|3,2|0|0|0|0|0|3,6|0,6|0|0|3,6|0,6|0,6|0|3|0,6|0,6|0,6|0,6|0,6|0,6|0|0,6|0,6|0|0|0,6|0|3,6|1|1|1|1|1|1|1|1|1|0|0|0,6|0|0|0|0|0|0|0|0|0|0|0|0|0|1|1|0,6|1|0|0|0|0|0|0|3,6|0,6|3,6|0,6|0|0|0|0|0,2|0|0|0|0|0,6|0,6|0,6|0,1|0,1|3,1,6|0,1,6|0,1,6|0,1|3,1,6|0,1,6|0,6|0,6|0,6|0,6|0,6|0|0,6|0,6|0|0|0,6|0,1|3,1,6|1|1|1|1|1|1|1|1|1|0|0|0,6|0|0|0|0|0|0|1|0|0|0|0|1|0|1|1|0,6|1|0|0|0|0|0|0|3,6|0,6|3,6|0|0|0|0|0|0|0|0|0|0|0,6|0,6|0,6|0|0|3,6|0,6|0,6|0|3,6|0,6|0,6|0,6|0,6|0,6|0,6|0,6|0,6|0,6|0|0|0,6|0|3,6|1|1|1|1|1|1|1|1|1|0|0|0,6|0|0|2|1|1|1|1|1|1|0|1|1|0|0|1|0,6|1|0|0|0|0|0|0|3,6|0,6|3,6|0|0|0|0|0|0|0|0|0|0|0,6|0,6|0,6|0|0|3,6|0,6|0,6|0|3,6|0,6|0,6|0,6|0,6|0,6|0,6|0,6|0,6|0,6|0|0|3,6|0|0,6|1|1|1|1|1|1|1|1|1|0|0|0,6|0|0|1|1|1|1|1|1|1|4,3|1|1|0|0|1|0,6|1|0|0|0|0|0|0|3,6|0,6|0,6|0|0|0|0|0|0|0|0|0|0|0,6|0,6|0,6|0|0|0,6|0,6|0|0|3,6|0,6|0,6|0,6|0,6|0,6|0,6|0,6|0,6|0,6|0|0|3,6|0|0,6|1|1|1|1|1|1|1|1|1|0|0|0,6|0|0|1|1|1|1|1|1|1|1,5,3|1|1|0|0|1|0,6|1|0,6|0,6|0,6|0,6|0,6|0,6|3,6|0,6|0,6|0|0|0|0,2|0|0|0|0|0|0|0,6|3,6|0,6|0|0|0,6|0,6|0|0|3,6|0,6|0,6|0,6|0,6|0,6|0,6|0,6|0,6|0,6|0,1|0,1|3,1,6|0,1|0,1,6|0,1|0,1,6|1|1|1|1|1|1|1|0|0|0,6|0|0|1|1|1|1|1|1|1|1|1|1|0|0|1|0,6|1|0,6|0,6|0,6|0,6|0,6|0,6|0,6|0,6|0,6|0|0|0|0,2|0|0|0|0|0|0|0,6|3,6|0,6|0|0|0,6|0,6|0|0|0,6|0,6|0,6|0,6|0,6|0,6|0,6|0,6|0,6|0,6|0,6|0|3,6|0|0,6|0|0,6|1|1|1|1|1|1|1|0|0|0,6|0|0|1|1|1|1|1|1|1|1|1|1|0|0|1|0,6|1|0,6|0,6|0,6|0,6|0,6|0,6|0,6|0,6|0,6|0|0|0|0,2|0|0|0,2|0|0|0|0,6|3,6|0,6|0|0|0,6|0,6|0|0|0,6|0,6|0,6|0,6|0,6|0,6|0,6|0,6|0,6|0,6|0,6|0|0,6|0|0,6|0|0|0,6|1|1|1|1|1|1|0|0|0,6|0|0|1|1|1|1|1|1|1|1|1|1|2|0|1|0,6|1|0|0|0|0|0|0|0,6|0,6|0,6|0,1|0,1|0,2,1|0,2,1|0,1|0,1|0,2,1|0,2,1|0,1|0,1|0,1,6|3,1,6|0,1,6|0,1|0|0,6|0,6|0|0|3,6|0,6|0,6|0,6|0,6|0,6|0,6|0,6|0,6|0,6|0,6|0|0,6|0|0,6|0,1|0,1|0,1,6|1|1|1|1|1|1|0|0|0,6|0|0|1|1|1|1|1|1|1|1|1|1|1|0|1|0,6|1|0|0|0|0|0|0|0,6|0,6|0,6|0|0|0,2,6|0,2,6|0|0|0,2,6|0,2|0|0,6|0|3,6|0,2,6|0|0|3,6|0,6|0|0|3,6|0,6|0,6|0,6|0,6|0,6|0,6|0,6|0,6|0,6|0,6|0|0,6|0|0,6|0|0|0,6|1|1|1|1|1|1|0|0|0,6|0|0|1|1|1|1|1|1|1|1|1|1|1|0|1|0,6|1|0|0|0|0|0|0|0,6|0,6|3,6|0|0|1|1|0,6|0,6|1|1|0|0,6|0|3,6|0,2,6|0|0|3,6|0,6|0|0|3,6|0,6|0,6|0,6|0,6|0,6|0,6|0,6|0,6|0,6|0|0|0,6|0|3,6|0|0|0|1|1|1|1|1|1|0|0|0,6|0|0|1|1|1|1|1|1|1|1|1|1|1|0|1|0,6|1|0|0|0|0|0|0|3,6|0,6|3,6|0|0|1|1|0,6|0,6|1|1|0|0,6|0|3,2,6|0,2,6|0|0|3,2,6|0,6|0|0|3,6|0,6|0,6|0,6|0,6|0,2,6|0,6|0,6|0,6|0,6|0|0|3,6|0|3,6|0|0|0|1|1|1|1|1|1|0|0|0,6|0|0|1|1|1|1|1|1|1|1|1|1|1|0|1|0,6|1|0|0|0|0|0|0|3,6|0,6|3,6|0|1|1|1|0,6|0,6|1|1|1|1|0|3,2,6|0,2,6|0|0|3,2,6|0,2,6|0|0|3,6|0,6|0,6|0,6|0,6|0,2,6|0,6|0,6|0,6|0,6|0|0|3,6|0|3,6|0|0|0|1|1|1|1|1|1|0|0|0,6|0|0|1|1|1|1|1|1|1|1|1|1|2|0|1|0,6|1|0|0|0|0|0,1|0,1|3,1,6|0,1,6|3,1,6|0,1|1|1|1|0,1,6|0,1,6|1|1|1|1|0|3,2,6|0,2,6|0|0|3,2,6|0,2,6|0|0|3,6|0,6|0,2,6|0,6|0,6|0,2,6|0,6|0,6|0,6|0,6|0|0|3,6|0|3,6|0|0,6|0,6|1|1|1|1|1|1|0|0|0,6|0|0|1|1|1|1|1|1|1|1|1|1|0|0|1|0,6|1|0|0,2|0|0|0|0|3,6|0,6|3,6|0,2|1|1|1|0,6|0,6|1|1|1|1|0,1|1|1|0,1|0,1|1|1|1|0,1|3,1,6|0,1,6|0,2,1,6|0,1,6|0,1,6|0,2,1,6|0,1,6|0,1,6|0,1,6|0,1,6|0,1|0,1|3,1,6|0,1|3,2,1,6|0,1|0,1,6|0,1,6|1|1|1|1|1|1|0|0|0,6|0|0|1|1|1|1|1|1|1|1|1|1|0|0|1|0,6|1|0|0,2|0|0|0|0|0,6|0,6|3,6|0,2|1|1|1|0,6|0,6|1|1|1|1|0|1|1|0|0|1|1|1|0|3,6|0,6|1|0,6|0,6|1|0,6|0,6|0,6|0,6|0|0|3,6|0|3,2,6|0|0,6|1|1|1|1|1|1|1|0|0|0,6|0|0|1|1|1|1|1|1|1|1|1|1|0|0|1|0,6|1|0|0,2|0|0|0|0|0,6|0,6|3,6|0,2|1|1|1|0,6|0,6|1|1|1|1|0|1|1|0|0|1|1|1|1|1|0,6|1|0,6|0,6|1|0,6|0,6|0,6|0,6|0|0|3,6|0|1|0,6|0,6|1|1|1|1|1|1|1|0|0|0,6|0|0|1|1|1|1|1|1|1|1|1|1|0|0|1|0,6|0,6|0,6|0,2,6|0,6|3,6|0,6|0,6|0,6|0,6|1|1|1|1|1|0,6|0,6|1|1|1|1|0|1|1|0|0|1|1|1|1|1|1|1|0,6|0,6|1|1|1|0,6|0,6|0|0|3,6|0|1|0,6|0,6|1|1|1|1|1|1|1|0|0|0,6|0|0|1|1|1|1|1|1|1|1|1|1|0|0|0,6|0,6|0,1,6|0,1,6|0,2,1,6|0,1,6|3,1,6|0,1,6|0,1,6|0,1,6|0,1,6|1|1|1|1|1|0,6|0,6|1|1|1|1|1|1|1|0|0|1|1|1|1|1|1|1|0,6|0,6|1|1|1|0,6|0,6|0|0|3,6|1|1|0,6|0,6|1|1|1|1|1|1|1|0|0|0,6|0|0|1|1|1|1|1|1|1|1|1|1|0|0|0,6|0,6|0,6|0,6|0,2,6|0,6|3,6|0,6|0,6|0,6|0,6|1|1|1|1|1|0,6|0,6|1|1|1|1|1|1|1|0|0|1|1|1|1|1|1|1|0,6|0,6|1|1|1|0,6|0,6|0|0|3,6|1|1|0,6|0,6|1|1|1|1|1|1|1|0|0|0,6|0|0|1|1|1|1|1|1|1|1|1|1|0|0|0,6|0,6|0,6|0|0,2|0|0|0|0|0,6|0,6|0,6|0,2|1|1|1|0,6|0,6|1|1|1|1|1|1|1|0|0|1|1|1|1|1|1|1|0,6|0,6|1|1|1|0,6|0,6|0|0|3,6|1|1|0,6|0,6|1|1|1|1|1|1|1|0|0|0,6|0|0|1|1|1|1|1|1|1|1|1|1|0|0|0,6|0,6|0,6|0,2|0,2|0|0,2|0|0|3,6|0,6|1|1|1|1|1|0,6|0,6|1|1|1|1|1|1|1|0|0|1|1|1|1|1|1|1|0,6|0,6|1|1|1|0,6|0,6|0|0|3,6|1|1|0,6|0,6|1|1|1|1|1|1|1|0|0|0,6|0|0|0|4,3|1,3|1,3|1|1|1|1|1|1|0|0|0,6|0,6|0,6|0,2|0,2|0|0,2|0|0|3,6|0,6|1|1|1|1|1|0,6|0,6|1|1|1|1|1|1|1|0|0|1|1|1|1|1|1|1|0,6|0,6|1|1|1|1|1|1|0|1|1|1|0,6|0,6|1|1|1|1|1|1|1|0|0|0,6|0|0|1|1|1|1,3|1|1|1|1|1|1|0|0|0,6|0,6|0,6|1|1|1|1|1|1|1|1|1|1|1|1|1|0,6|0,6|1|1|1|1|1|1|1|0|0|1|1|1|1|1|1|1|1|1|1|1|1|1|1|1|4,3|1|1|1|0,6|0,6|1|1|1|1|1|1|1|1|1|1|0,6|0|1|1|1|1,3|1|1|1|1|1|1|0|0|0,6|0,6|0,6|1|1|1|1|1|1|1|1|1|1|1|1|1|0,6|0,6|1|1|1|1|1|1|1|1|1|1|1|1|1|1|1|1|1|1|1|1|1|1|1|1|1,3|1|1|1|1|1|1|1|1|1|1|1|1|1|1|1|0,6|1|1|1|1|1,3|1|1|1|1|1|1|0|0|0,6|0,6|1|1|1|1|1|1|1|1|1|1|1|1|1|1|0,6|0,6|1|1|1|1|1|1|1|1|1|1|1|1|1|1|1|1|1|1|1|1|1|1|1|1|1,3|1|1|1|1|1|1|1|1|1|1|1|1|1|1|1|0,6|1|1|1|1|1,3|1|1|1|1|1|1|0|0|1|0,6|1|1|1|1|1|1|1|1|1|1|1|1|1|1|0,6|1|1|1|1|1|1|1|1|1|1|1|1|1|1|1|1|1|1|1|1|1|1|1|1|1|1,3|1|1|1|1|1|1|1|1|1|1|1|1|1|1|1|0,6|1|1|1|1|1,3|1|1|1|1|1|1|0|1|1|0,6|1|1|1|1|1|1|1|1|1|1|1|1|1|1|4,3,6|1|1|1|1|1|1|1|1|1|1|1|1|1|1|1|1|1|1|1|1|1|1|1|1|1|1,3|1|1|1|1|1|1|1|1|1|1|1|1|1|1|1|1|1|1|1|1|1,3|1|1|1|1|1|1|2|1|1|0,6|1|1|1|1|1|1|1|1|1|1|1|1|1|1|1,3|1|1|1|1|1|1|1|1|1|1|1|1|1|1|1|1|1|1|1|1|1|1|1|1|1|1,3|1|1|1|1|1|1|1|1|1|1|1|1|1|1|1|1|1|1|1|1|1,4,3|1|1|1|1|1|1|1|1|1|0,6|1|1|1|1|1|1|1|1|1|1|1|1|1|1|1,4,3|1|1|1|1|1|1|1|1|1|1|1|1|1|1|1|1|1|1|1|1|1|1|1|1|1|1,4,3|1|1|1|1|1|1|1|1|1|1|1|1|
